# system_size, network_name, epoch, replay_memory, device, learning_rate, optimizer, total_training_steps, prediction_list_p_error, number_of_predictions, number_of_failed_syndroms, error_corrected_list, ground_state_list, average_number_of_steps_list, p_error_train, win_rate, training_time
0.0,0.0,0.0,0.0,0.0,0.0,0.0,0.0,0.0,0.0,0.0,0.0,0.0,0.0,0.0,0.0,0.0
11,size_11_NN_11,1,proportional,cuda,0.00025,Adam,3000,0.01,1000,811.0,0.189,0.241,40.7,0.01,0.189,145.40620136260986
11,size_11_NN_11,2,proportional,cuda,0.00025,Adam,6000,0.01,1000,905.0,0.095,0.17000000000000004,45.3,0.01,0.095,288.01378536224365
11,size_11_NN_11,3,proportional,cuda,0.00025,Adam,9000,0.01,1000,923.0,0.077,0.134,46.2,0.01,0.077,439.9078679084778
11,size_11_NN_11,4,proportional,cuda,0.00025,Adam,12000,0.01,1000,906.0,0.094,0.15500000000000003,45.3,0.01,0.094,584.7388343811035
11,size_11_NN_11,5,proportional,cuda,0.00025,Adam,15000,0.01,1000,416.0,0.584,0.627,22.0,0.01,0.584,728.0275421142578
11,size_11_NN_11,6,proportional,cuda,0.00025,Adam,18000,0.01,1000,837.0,0.163,0.20999999999999996,41.9,0.01,0.163,858.0150029659271
11,size_11_NN_11,7,proportional,cuda,0.00025,Adam,21000,0.01,1000,918.0,0.082,0.126,45.9,0.01,0.082,1021.6254706382751
11,size_11_NN_11,8,proportional,cuda,0.00025,Adam,24000,0.01,1000,900.0,0.1,0.243,45.0,0.01,0.1,1163.833523273468
11,size_11_NN_11,9,proportional,cuda,0.00025,Adam,27000,0.01,1000,344.0,0.656,0.6930000000000001,18.6,0.01,0.656,1313.8176023960114
11,size_11_NN_11,10,proportional,cuda,0.00025,Adam,30000,0.01,1000,218.0,0.782,0.794,12.5,0.01,0.782,1451.3149092197418
11,size_11_NN_11,11,proportional,cuda,0.00025,Adam,33000,0.01,1000,321.0,0.679,0.7050000000000001,17.5,0.01,0.679,1602.5858561992645
11,size_11_NN_11,12,proportional,cuda,0.00025,Adam,36000,0.01,1000,196.0,0.804,0.819,11.5,0.01,0.804,1750.1577687263489
11,size_11_NN_11,13,proportional,cuda,0.00025,Adam,39000,0.01,1000,43.0,0.957,0.96,4.4,0.01,0.957,1932.3578643798828
11,size_11_NN_11,14,proportional,cuda,0.00025,Adam,42000,0.02,1000,62.0,0.938,0.945,7.7,0.02,0.938,2124.336044549942
11,size_11_NN_11,15,proportional,cuda,0.00025,Adam,45000,0.02,1000,10.0,0.99,0.992,5.3,0.02,0.99,2332.8768985271454
11,size_11_NN_11,16,proportional,cuda,0.00025,Adam,48000,0.03,1000,21.0,0.979,0.981,8.5,0.03,0.979,2514.04851770401
11,size_11_NN_11,17,proportional,cuda,0.00025,Adam,51000,0.04,1000,116.0,0.884,0.886,14.5,0.04,0.884,2685.2984030246735
11,size_11_NN_11,18,proportional,cuda,0.00025,Adam,54000,0.04,1000,47.0,0.955,0.958,11.9,0.04,0.953,2860.9027559757233
11,size_11_NN_11,19,proportional,cuda,0.00025,Adam,57000,0.05,1000,75.0,0.927,0.928,14.9,0.05,0.925,3027.433657884598
11,size_11_NN_11,20,proportional,cuda,0.00025,Adam,60000,0.05,1000,71.0,0.929,0.933,15.1,0.05,0.929,3198.8167130947113
11,size_11_NN_11,21,proportional,cuda,0.00025,Adam,63000,0.05,1000,46.0,0.957,0.956,14.1,0.05,0.954,3365.405450105667
11,size_11_NN_11,22,proportional,cuda,0.00025,Adam,66000,0.060000000000000005,1000,142.0,0.859,0.869,20.2,0.060000000000000005,0.858,3525.8326692581177
11,size_11_NN_11,23,proportional,cuda,0.00025,Adam,69000,0.060000000000000005,1000,108.0,0.895,0.902,18.5,0.060000000000000005,0.892,3687.27458691597
11,size_11_NN_11,24,proportional,cuda,0.00025,Adam,72000,0.060000000000000005,1000,143.0,0.857,0.865,19.9,0.060000000000000005,0.857,3853.9135727882385
11,size_11_NN_11,25,proportional,cuda,0.00025,Adam,75000,0.060000000000000005,1000,112.0,0.889,0.895,18.5,0.060000000000000005,0.888,4019.2320420742035
11,size_11_NN_11,26,proportional,cuda,0.00025,Adam,78000,0.060000000000000005,1000,38.0,0.964,0.963,16.3,0.060000000000000005,0.962,4185.654127120972
11,size_11_NN_11,27,proportional,cuda,0.00025,Adam,81000,0.07,1000,132.0,0.872,0.879,21.7,0.07,0.868,4345.4624812603
11,size_11_NN_11,28,proportional,cuda,0.00025,Adam,84000,0.07,1000,223.0,0.78,0.79,24.5,0.07,0.777,4503.437410593033
11,size_11_NN_11,29,proportional,cuda,0.00025,Adam,87000,0.07,1000,121.0,0.885,0.886,21.3,0.07,0.879,4661.736233949661
11,size_11_NN_11,30,proportional,cuda,0.00025,Adam,90000,0.07,1000,105.0,0.9,0.902,20.4,0.07,0.895,4825.818775177002
11,size_11_NN_11,31,proportional,cuda,0.00025,Adam,93000,0.07,1000,74.0,0.933,0.9390000000000001,19.6,0.07,0.926,4991.909912824631
11,size_11_NN_11,32,proportional,cuda,0.00025,Adam,96000,0.07,1000,72.0,0.932,0.933,19.6,0.07,0.928,5154.89400100708
11,size_11_NN_11,33,proportional,cuda,0.00025,Adam,99000,0.07,1000,96.0,0.908,0.909,20.5,0.07,0.904,5320.4116859436035
11,size_11_NN_11,34,proportional,cuda,0.00025,Adam,102000,0.07,1000,220.0,0.789,0.8,24.6,0.07,0.78,5480.874126434326
11,size_11_NN_11,35,proportional,cuda,0.00025,Adam,105000,0.07,1000,93.0,0.914,0.914,20.2,0.07,0.907,5642.847007274628
11,size_11_NN_11,36,proportional,cuda,0.00025,Adam,108000,0.07,1000,113.0,0.892,0.895,21.1,0.07,0.887,5810.234550714493
11,size_11_NN_11,37,proportional,cuda,0.00025,Adam,111000,0.07,1000,85.0,0.923,0.922,19.9,0.07,0.915,5974.293696641922
11,size_11_NN_11,38,proportional,cuda,0.00025,Adam,114000,0.07,1000,112.0,0.891,0.897,20.9,0.07,0.888,6138.325097322464
11,size_11_NN_11,39,proportional,cuda,0.00025,Adam,117000,0.07,1000,57.0,0.947,0.946,19.1,0.07,0.943,6301.552641153336
11,size_11_NN_11,40,proportional,cuda,0.00025,Adam,120000,0.07,1000,92.0,0.916,0.927,20.2,0.07,0.908,6467.0737109184265
11,size_11_NN_11,41,proportional,cuda,0.00025,Adam,123000,0.07,1000,53.0,0.949,0.956,18.8,0.07,0.947,6634.019197463989
11,size_11_NN_11,42,proportional,cuda,0.00025,Adam,126000,0.07,1000,31.0,0.976,0.97,18.3,0.07,0.969,6798.517744779587
11,size_11_NN_11,43,proportional,cuda,0.00025,Adam,129000,0.08,1000,225.0,0.78,0.792,26.4,0.08,0.775,6957.694477796555
11,size_11_NN_11,44,proportional,cuda,0.00025,Adam,132000,0.08,1000,165.0,0.843,0.85,24.4,0.08,0.835,7121.264765739441
11,size_11_NN_11,45,proportional,cuda,0.00025,Adam,135000,0.08,1000,102.0,0.909,0.917,22.3,0.08,0.898,7285.79456949234
11,size_11_NN_11,46,proportional,cuda,0.00025,Adam,138000,0.08,1000,84.0,0.93,0.928,21.8,0.08,0.916,7450.4042336940765
11,size_11_NN_11,47,proportional,cuda,0.00025,Adam,141000,0.08,1000,94.0,0.916,0.911,22.5,0.08,0.906,7614.275835037231
11,size_11_NN_11,48,proportional,cuda,0.00025,Adam,144000,0.08,1000,88.0,0.938,0.919,22.3,0.08,0.912,7775.781965494156
11,size_11_NN_11,49,proportional,cuda,0.00025,Adam,147000,0.08,1000,74.0,0.937,0.9339999999999999,21.7,0.08,0.926,7939.107403755188
11,size_11_NN_11,50,proportional,cuda,0.00025,Adam,150000,0.08,1000,87.0,0.923,0.918,22.4,0.08,0.913,8106.407495498657
11,size_11_NN_11,51,proportional,cuda,0.00025,Adam,153000,0.08,1000,173.0,0.836,0.838,24.7,0.08,0.827,8268.059960603714
11,size_11_NN_11,52,proportional,cuda,0.00025,Adam,156000,0.08,1000,80.0,0.935,0.931,21.8,0.08,0.92,8437.257617473602
11,size_11_NN_11,53,proportional,cuda,0.00025,Adam,159000,0.08,1000,98.0,0.91,0.908,22.7,0.08,0.902,8599.490705251694
11,size_11_NN_11,54,proportional,cuda,0.00025,Adam,162000,0.08,1000,159.0,0.85,0.858,24.5,0.08,0.841,8762.490839242935
11,size_11_NN_11,55,proportional,cuda,0.00025,Adam,165000,0.08,1000,121.0,0.888,0.887,23.3,0.08,0.879,8923.445598602295
11,size_11_NN_11,56,proportional,cuda,0.00025,Adam,168000,0.08,1000,89.0,0.917,0.922,22.2,0.08,0.911,9087.309854507446
11,size_11_NN_11,57,proportional,cuda,0.00025,Adam,171000,0.08,1000,77.0,0.934,0.928,21.9,0.08,0.923,9250.886646986008
11,size_11_NN_11,58,proportional,cuda,0.00025,Adam,174000,0.08,1000,69.0,0.945,0.937,21.8,0.08,0.931,9416.186989307404
11,size_11_NN_11,59,proportional,cuda,0.00025,Adam,177000,0.08,1000,56.0,0.96,0.946,21.1,0.08,0.944,9580.88439297676
11,size_11_NN_11,60,proportional,cuda,0.00025,Adam,180000,0.08,1000,80.0,0.931,0.9319999999999999,22.2,0.08,0.92,9745.537536382675
11,size_11_NN_11,61,proportional,cuda,0.00025,Adam,183000,0.08,1000,129.0,0.875,0.882,23.5,0.08,0.871,9910.515408277512
11,size_11_NN_11,62,proportional,cuda,0.00025,Adam,186000,0.08,1000,55.0,0.956,0.948,21.3,0.08,0.945,10076.24894785881
11,size_11_NN_11,63,proportional,cuda,0.00025,Adam,189000,0.08,1000,76.0,0.937,0.925,21.7,0.08,0.924,10240.626078605652
11,size_11_NN_11,64,proportional,cuda,0.00025,Adam,192000,0.08,1000,76.0,0.934,0.929,22.1,0.08,0.924,10405.914237499237
11,size_11_NN_11,65,proportional,cuda,0.00025,Adam,195000,0.08,1000,52.0,0.963,0.951,20.7,0.08,0.948,10569.115431785583
11,size_11_NN_11,66,proportional,cuda,0.00025,Adam,198000,0.08,1000,67.0,0.945,0.935,21.4,0.08,0.933,10734.220008850098
11,size_11_NN_11,67,proportional,cuda,0.00025,Adam,201000,0.08,1000,79.0,0.939,0.929,21.6,0.08,0.921,10899.183044672012
11,size_11_NN_11,68,proportional,cuda,0.00025,Adam,204000,0.08,1000,60.0,0.951,0.946,21.5,0.08,0.94,11060.112694978714
11,size_11_NN_11,69,proportional,cuda,0.00025,Adam,207000,0.08,1000,62.0,0.957,0.942,21.3,0.08,0.938,11226.02176809311
11,size_11_NN_11,70,proportional,cuda,0.00025,Adam,210000,0.08,1000,71.0,0.935,0.935,21.8,0.08,0.929,11394.289354085922
11,size_11_NN_11,71,proportional,cuda,0.00025,Adam,213000,0.08,1000,69.0,0.938,0.935,21.9,0.08,0.931,11556.204133033752
11,size_11_NN_11,72,proportional,cuda,0.00025,Adam,216000,0.08,1000,53.0,0.959,0.95,21.1,0.08,0.947,11723.653107404709
11,size_11_NN_11,73,proportional,cuda,0.00025,Adam,219000,0.08,1000,69.0,0.942,0.94,21.6,0.08,0.931,11891.34527015686
11,size_11_NN_11,74,proportional,cuda,0.00025,Adam,222000,0.08,1000,51.0,0.953,0.953,21.3,0.08,0.949,12056.776044845581
11,size_11_NN_11,75,proportional,cuda,0.00025,Adam,225000,0.08,1000,58.0,0.958,0.952,21.4,0.08,0.942,12220.041984319687
11,size_11_NN_11,76,proportional,cuda,0.00025,Adam,228000,0.08,1000,88.0,0.926,0.915,22.4,0.08,0.912,12384.8230073452
11,size_11_NN_11,77,proportional,cuda,0.00025,Adam,231000,0.08,1000,95.0,0.912,0.908,22.5,0.08,0.905,12549.905830144882
11,size_11_NN_11,78,proportional,cuda,0.00025,Adam,234000,0.08,1000,81.0,0.936,0.9299999999999999,21.7,0.08,0.919,12710.084135770798
11,size_11_NN_11,79,proportional,cuda,0.00025,Adam,237000,0.08,1000,74.0,0.936,0.9339999999999999,21.6,0.08,0.926,12872.646716833115
11,size_11_NN_11,80,proportional,cuda,0.00025,Adam,240000,0.08,1000,63.0,0.946,0.945,21.5,0.08,0.937,13034.935853004456
11,size_11_NN_11,81,proportional,cuda,0.00025,Adam,243000,0.08,1000,46.0,0.966,0.959,21.0,0.08,0.954,13199.579616308212
11,size_11_NN_11,82,proportional,cuda,0.00025,Adam,246000,0.09,1000,115.0,0.916,0.89,25.7,0.09,0.885,13362.084743499756
11,size_11_NN_11,83,proportional,cuda,0.00025,Adam,249000,0.09,1000,138.0,0.872,0.873,25.9,0.09,0.862,13523.131497383118
11,size_11_NN_11,84,proportional,cuda,0.00025,Adam,252000,0.09,1000,116.0,0.9,0.901,25.0,0.09,0.884,13684.863870382309
11,size_11_NN_11,85,proportional,cuda,0.00025,Adam,255000,0.09,1000,154.0,0.862,0.855,26.1,0.09,0.846,13849.789539575577
11,size_11_NN_11,86,proportional,cuda,0.00025,Adam,258000,0.09,1000,164.0,0.861,0.851,26.3,0.09,0.836,14009.926482915878
11,size_11_NN_11,87,proportional,cuda,0.00025,Adam,261000,0.09,1000,135.0,0.882,0.88,25.5,0.09,0.865,14175.598856925964
11,size_11_NN_11,88,proportional,cuda,0.00025,Adam,264000,0.09,1000,90.0,0.937,0.914,24.2,0.09,0.91,14338.652874708176
11,size_11_NN_11,89,proportional,cuda,0.00025,Adam,267000,0.09,1000,121.0,0.897,0.895,25.2,0.09,0.879,14500.75600194931
11,size_11_NN_11,90,proportional,cuda,0.00025,Adam,270000,0.09,1000,129.0,0.89,0.885,25.5,0.09,0.871,14663.82116985321
11,size_11_NN_11,91,proportional,cuda,0.00025,Adam,273000,0.09,1000,256.0,0.758,0.757,28.8,0.09,0.744,14822.631666898727
11,size_11_NN_11,92,proportional,cuda,0.00025,Adam,276000,0.09,1000,119.0,0.906,0.885,25.0,0.09,0.881,14988.134349822998
11,size_11_NN_11,93,proportional,cuda,0.00025,Adam,279000,0.09,1000,109.0,0.916,0.897,24.7,0.09,0.891,15152.02062869072
11,size_11_NN_11,94,proportional,cuda,0.00025,Adam,282000,0.09,1000,82.0,0.939,0.925,24.3,0.09,0.918,15318.782757997513
11,size_11_NN_11,95,proportional,cuda,0.00025,Adam,285000,0.09,1000,182.0,0.834,0.831,27.2,0.09,0.818,15481.795931816101
11,size_11_NN_11,96,proportional,cuda,0.00025,Adam,288000,0.09,1000,96.0,0.929,0.91,24.5,0.09,0.904,15648.08832526207
11,size_11_NN_11,97,proportional,cuda,0.00025,Adam,291000,0.09,1000,115.0,0.907,0.893,25.3,0.09,0.885,15813.762344360352
11,size_11_NN_11,98,proportional,cuda,0.00025,Adam,294000,0.09,1000,80.0,0.938,0.925,24.2,0.09,0.92,15978.0309882164
11,size_11_NN_11,99,proportional,cuda,0.00025,Adam,297000,0.09,1000,105.0,0.913,0.9,24.5,0.09,0.895,16141.223988056183
11,size_11_NN_11,100,proportional,cuda,0.00025,Adam,300000,0.09,1000,170.0,0.844,0.844,27.0,0.09,0.83,16306.28888630867
11,size_11_NN_11,101,proportional,cuda,0.00025,Adam,303000,0.09,1000,99.0,0.92,0.907,24.3,0.09,0.901,16468.362087726593
11,size_11_NN_11,102,proportional,cuda,0.00025,Adam,306000,0.09,1000,96.0,0.936,0.914,24.4,0.09,0.904,16632.97700738907
11,size_11_NN_11,103,proportional,cuda,0.00025,Adam,309000,0.09,1000,57.0,0.963,0.946,23.3,0.09,0.943,16797.50012254715
11,size_11_NN_11,104,proportional,cuda,0.00025,Adam,312000,0.09,1000,88.0,0.934,0.919,24.2,0.09,0.912,16963.231857299805
11,size_11_NN_11,105,proportional,cuda,0.00025,Adam,315000,0.09,1000,96.0,0.931,0.909,24.7,0.09,0.904,17128.737549304962
11,size_11_NN_11,106,proportional,cuda,0.00025,Adam,318000,0.09,1000,176.0,0.835,0.843,27.2,0.09,0.824,17290.17795419693
11,size_11_NN_11,107,proportional,cuda,0.00025,Adam,321000,0.09,1000,132.0,0.889,0.875,25.2,0.09,0.868,17452.344386816025
11,size_11_NN_11,108,proportional,cuda,0.00025,Adam,324000,0.09,1000,157.0,0.856,0.853,26.6,0.09,0.843,17614.720413446426
11,size_11_NN_11,109,proportional,cuda,0.00025,Adam,327000,0.09,1000,93.0,0.919,0.917,24.3,0.09,0.907,17776.077260255814
11,size_11_NN_11,110,proportional,cuda,0.00025,Adam,330000,0.09,1000,120.0,0.901,0.888,25.0,0.09,0.88,17941.408115148544
11,size_11_NN_11,111,proportional,cuda,0.00025,Adam,333000,0.09,1000,143.0,0.884,0.868,25.7,0.09,0.857,18102.316270828247
11,size_11_NN_11,112,proportional,cuda,0.00025,Adam,336000,0.09,1000,91.0,0.934,0.916,24.5,0.09,0.909,18267.57123732567
11,size_11_NN_11,113,proportional,cuda,0.00025,Adam,339000,0.09,1000,94.0,0.928,0.916,24.5,0.09,0.906,18432.62411546707
11,size_11_NN_11,114,proportional,cuda,0.00025,Adam,342000,0.09,1000,78.0,0.945,0.926,24.1,0.09,0.922,18595.69457912445
11,size_11_NN_11,115,proportional,cuda,0.00025,Adam,345000,0.09,1000,118.0,0.914,0.888,24.9,0.09,0.882,18761.47933459282
11,size_11_NN_11,116,proportional,cuda,0.00025,Adam,348000,0.09,1000,197.0,0.807,0.8180000000000001,27.4,0.09,0.803,18924.647827625275
11,size_11_NN_11,117,proportional,cuda,0.00025,Adam,351000,0.09,1000,87.0,0.929,0.917,24.2,0.09,0.913,19084.564370393753
11,size_11_NN_11,118,proportional,cuda,0.00025,Adam,354000,0.09,1000,92.0,0.923,0.915,24.7,0.09,0.908,19250.19111275673
11,size_11_NN_11,119,proportional,cuda,0.00025,Adam,357000,0.09,1000,72.0,0.943,0.9339999999999999,24.2,0.09,0.928,19416.193404197693
11,size_11_NN_11,120,proportional,cuda,0.00025,Adam,360000,0.09,1000,94.0,0.93,0.912,24.0,0.09,0.906,19580.466161251068
11,size_11_NN_11,121,proportional,cuda,0.00025,Adam,363000,0.09,1000,120.0,0.893,0.888,25.3,0.09,0.88,19742.449714183807
11,size_11_NN_11,122,proportional,cuda,0.00025,Adam,366000,0.09,1000,119.0,0.895,0.888,25.1,0.09,0.881,19907.802723407745
11,size_11_NN_11,123,proportional,cuda,0.00025,Adam,369000,0.09,1000,87.0,0.93,0.915,24.3,0.09,0.913,20075.399606466293
11,size_11_NN_11,124,proportional,cuda,0.00025,Adam,372000,0.09,1000,147.0,0.873,0.866,26.0,0.09,0.853,20240.079508066177
11,size_11_NN_11,125,proportional,cuda,0.00025,Adam,375000,0.09,1000,159.0,0.856,0.858,26.5,0.09,0.841,20402.64506840706
11,size_11_NN_11,126,proportional,cuda,0.00025,Adam,378000,0.09,1000,101.0,0.915,0.909,24.8,0.09,0.899,20565.45680117607
11,size_11_NN_11,127,proportional,cuda,0.00025,Adam,381000,0.09,1000,96.0,0.923,0.908,24.6,0.09,0.904,20729.55545592308
11,size_11_NN_11,128,proportional,cuda,0.00025,Adam,384000,0.09,1000,79.0,0.947,0.925,24.1,0.09,0.921,20893.99403643608
11,size_11_NN_11,129,proportional,cuda,0.00025,Adam,387000,0.09,1000,103.0,0.924,0.907,24.4,0.09,0.897,21057.534149885178
11,size_11_NN_11,130,proportional,cuda,0.00025,Adam,390000,0.09,1000,75.0,0.947,0.929,24.2,0.09,0.925,21220.07805132866
11,size_11_NN_11,131,proportional,cuda,0.00025,Adam,393000,0.09,1000,77.0,0.955,0.925,23.7,0.09,0.923,21383.75652360916
11,size_11_NN_11,132,proportional,cuda,0.00025,Adam,396000,0.09,1000,89.0,0.935,0.917,24.0,0.09,0.911,21551.46831560135
11,size_11_NN_11,133,proportional,cuda,0.00025,Adam,399000,0.09,1000,106.0,0.923,0.907,24.9,0.09,0.894,21716.055753707886
11,size_11_NN_11,134,proportional,cuda,0.00025,Adam,402000,0.09,1000,84.0,0.942,0.924,24.1,0.09,0.916,21880.284846544266
11,size_11_NN_11,135,proportional,cuda,0.00025,Adam,405000,0.09,1000,79.0,0.946,0.924,24.2,0.09,0.921,22045.896658182144
11,size_11_NN_11,136,proportional,cuda,0.00025,Adam,408000,0.09,1000,90.0,0.929,0.916,24.3,0.09,0.91,22209.61650276184
11,size_11_NN_11,137,proportional,cuda,0.00025,Adam,411000,0.09,1000,121.0,0.899,0.895,24.9,0.09,0.879,22377.625133752823
11,size_11_NN_11,138,proportional,cuda,0.00025,Adam,414000,0.09,1000,117.0,0.906,0.894,25.3,0.09,0.883,22539.650804519653
11,size_11_NN_11,139,proportional,cuda,0.00025,Adam,417000,0.09,1000,106.0,0.926,0.9,24.8,0.09,0.894,22704.422901391983
11,size_11_NN_11,140,proportional,cuda,0.00025,Adam,420000,0.09,1000,91.0,0.928,0.921,24.5,0.09,0.909,22869.12310409546
11,size_11_NN_11,141,proportional,cuda,0.00025,Adam,423000,0.09,1000,86.0,0.933,0.926,24.0,0.09,0.914,23037.457926034927
11,size_11_NN_11,142,proportional,cuda,0.00025,Adam,426000,0.09,1000,61.0,0.965,0.9410000000000001,23.5,0.09,0.939,23205.129667043686
11,size_11_NN_11,143,proportional,cuda,0.00025,Adam,429000,0.09,1000,120.0,0.907,0.89,25.1,0.09,0.88,23368.89751124382
11,size_11_NN_11,144,proportional,cuda,0.00025,Adam,432000,0.09,1000,84.0,0.942,0.921,23.9,0.09,0.916,23532.92025399208
11,size_11_NN_11,145,proportional,cuda,0.00025,Adam,435000,0.09,1000,86.0,0.932,0.917,24.4,0.09,0.914,23696.319833278656
11,size_11_NN_11,146,proportional,cuda,0.00025,Adam,438000,0.09,1000,91.0,0.937,0.916,23.9,0.09,0.909,23862.664939403534
11,size_11_NN_11,147,proportional,cuda,0.00025,Adam,441000,0.09,1000,84.0,0.94,0.924,24.8,0.09,0.916,24031.064924240112
11,size_11_NN_11,148,proportional,cuda,0.00025,Adam,444000,0.09,1000,86.0,0.947,0.924,24.0,0.09,0.914,24197.203781843185
11,size_11_NN_11,149,proportional,cuda,0.00025,Adam,447000,0.09,1000,88.0,0.932,0.919,24.4,0.09,0.912,24362.055716753006
11,size_11_NN_11,150,proportional,cuda,0.00025,Adam,450000,0.09,1000,86.0,0.931,0.92,24.4,0.09,0.914,24526.277804851532
11,size_11_NN_11,151,proportional,cuda,0.00025,Adam,453000,0.09,1000,65.0,0.953,0.9390000000000001,23.7,0.09,0.935,24693.780043125153
11,size_11_NN_11,152,proportional,cuda,0.00025,Adam,456000,0.09,1000,122.0,0.891,0.887,25.4,0.09,0.878,24857.31650352478
11,size_11_NN_11,153,proportional,cuda,0.00025,Adam,459000,0.09,1000,61.0,0.963,0.9410000000000001,23.6,0.09,0.939,25021.932542800903
11,size_11_NN_11,154,proportional,cuda,0.00025,Adam,462000,0.09,1000,75.0,0.944,0.929,23.8,0.09,0.925,25187.369584560394
11,size_11_NN_11,155,proportional,cuda,0.00025,Adam,465000,0.09,1000,104.0,0.917,0.902,24.5,0.09,0.896,25349.474588871002
11,size_11_NN_11,156,proportional,cuda,0.00025,Adam,468000,0.09,1000,69.0,0.953,0.9339999999999999,23.8,0.09,0.931,25515.537706375122
11,size_11_NN_11,157,proportional,cuda,0.00025,Adam,471000,0.09,1000,92.0,0.935,0.916,24.5,0.09,0.908,25679.91738295555
11,size_11_NN_11,158,proportional,cuda,0.00025,Adam,474000,0.09,1000,78.0,0.956,0.925,23.8,0.09,0.922,25847.945147275925
11,size_11_NN_11,159,proportional,cuda,0.00025,Adam,477000,0.09,1000,167.0,0.844,0.843,26.7,0.09,0.833,26011.27703666687
11,size_11_NN_11,160,proportional,cuda,0.00025,Adam,480000,0.09,1000,100.0,0.92,0.905,24.6,0.09,0.9,26178.93842768669
11,size_11_NN_11,161,proportional,cuda,0.00025,Adam,483000,0.09,1000,63.0,0.965,0.944,23.4,0.09,0.937,26346.874767303467
11,size_11_NN_11,162,proportional,cuda,0.00025,Adam,486000,0.09,1000,82.0,0.947,0.923,24.0,0.09,0.918,26510.069978952408
11,size_11_NN_11,163,proportional,cuda,0.00025,Adam,489000,0.09,1000,120.0,0.893,0.89,25.2,0.09,0.88,26673.326687335968
11,size_11_NN_11,164,proportional,cuda,0.00025,Adam,492000,0.09,1000,93.0,0.926,0.913,24.7,0.09,0.907,26839.690472126007
11,size_11_NN_11,165,proportional,cuda,0.00025,Adam,495000,0.09,1000,75.0,0.947,0.931,24.0,0.09,0.925,27006.121647834778
11,size_11_NN_11,166,proportional,cuda,0.00025,Adam,498000,0.09,1000,136.0,0.885,0.874,25.7,0.09,0.864,27169.339101076126
11,size_11_NN_11,167,proportional,cuda,0.00025,Adam,501000,0.09,1000,92.0,0.938,0.912,24.4,0.09,0.908,27337.33505153656
11,size_11_NN_11,168,proportional,cuda,0.00025,Adam,504000,0.09,1000,91.0,0.94,0.915,24.2,0.09,0.909,27502.791337251663
11,size_11_NN_11,169,proportional,cuda,0.00025,Adam,507000,0.09,1000,115.0,0.9,0.893,25.0,0.09,0.885,27669.145876407623
11,size_11_NN_11,170,proportional,cuda,0.00025,Adam,510000,0.09,1000,98.0,0.924,0.91,24.6,0.09,0.902,27833.72165775299
11,size_11_NN_11,171,proportional,cuda,0.00025,Adam,513000,0.09,1000,83.0,0.933,0.928,24.5,0.09,0.917,27999.287521362305
11,size_11_NN_11,172,proportional,cuda,0.00025,Adam,516000,0.09,1000,83.0,0.937,0.922,24.3,0.09,0.917,28166.907268047333
11,size_11_NN_11,173,proportional,cuda,0.00025,Adam,519000,0.09,1000,72.0,0.948,0.9359999999999999,23.7,0.09,0.928,28332.02716422081
11,size_11_NN_11,174,proportional,cuda,0.00025,Adam,522000,0.09,1000,125.0,0.895,0.883,25.3,0.09,0.875,28496.093045711517
11,size_11_NN_11,175,proportional,cuda,0.00025,Adam,525000,0.09,1000,100.0,0.933,0.906,24.2,0.09,0.9,28662.232763767242
11,size_11_NN_11,176,proportional,cuda,0.00025,Adam,528000,0.09,1000,98.0,0.927,0.905,24.5,0.09,0.902,28827.352039813995
11,size_11_NN_11,177,proportional,cuda,0.00025,Adam,531000,0.09,1000,60.0,0.969,0.945,23.4,0.09,0.94,28994.719625473022
11,size_11_NN_11,178,proportional,cuda,0.00025,Adam,534000,0.09,1000,63.0,0.954,0.9390000000000001,23.6,0.09,0.937,29157.252104997635
11,size_11_NN_11,179,proportional,cuda,0.00025,Adam,537000,0.09,1000,147.0,0.87,0.859,25.6,0.09,0.853,29325.009427309036
11,size_11_NN_11,180,proportional,cuda,0.00025,Adam,540000,0.09,1000,85.0,0.939,0.924,24.3,0.09,0.915,29490.49448132515
11,size_11_NN_11,181,proportional,cuda,0.00025,Adam,543000,0.09,1000,99.0,0.923,0.908,24.3,0.09,0.901,29655.298389434814
11,size_11_NN_11,182,proportional,cuda,0.00025,Adam,546000,0.09,1000,101.0,0.927,0.903,24.6,0.09,0.899,29820.601828336716
11,size_11_NN_11,183,proportional,cuda,0.00025,Adam,549000,0.09,1000,84.0,0.933,0.931,24.2,0.09,0.916,29985.57918524742
11,size_11_NN_11,184,proportional,cuda,0.00025,Adam,552000,0.09,1000,124.0,0.89,0.884,25.2,0.09,0.876,30151.427049398422
11,size_11_NN_11,185,proportional,cuda,0.00025,Adam,555000,0.09,1000,110.0,0.915,0.896,24.8,0.09,0.89,30315.069565296173
11,size_11_NN_11,186,proportional,cuda,0.00025,Adam,558000,0.09,1000,85.0,0.931,0.924,24.1,0.09,0.915,30480.408903837204
11,size_11_NN_11,187,proportional,cuda,0.00025,Adam,561000,0.09,1000,89.0,0.935,0.918,24.2,0.09,0.911,30645.108115434647
11,size_11_NN_11,188,proportional,cuda,0.00025,Adam,564000,0.09,1000,88.0,0.944,0.916,23.7,0.09,0.912,30812.26504611969
11,size_11_NN_11,189,proportional,cuda,0.00025,Adam,567000,0.09,1000,80.0,0.952,0.924,23.8,0.09,0.92,30977.521446943283
11,size_11_NN_11,190,proportional,cuda,0.00025,Adam,570000,0.09,1000,85.0,0.94,0.919,24.0,0.09,0.915,31143.895077705383
11,size_11_NN_11,191,proportional,cuda,0.00025,Adam,573000,0.09,1000,77.0,0.952,0.926,23.7,0.09,0.923,31307.98221731186
11,size_11_NN_11,192,proportional,cuda,0.00025,Adam,576000,0.09,1000,73.0,0.957,0.928,23.7,0.09,0.927,31470.625695228577
11,size_11_NN_11,193,proportional,cuda,0.00025,Adam,579000,0.09,1000,111.0,0.908,0.897,25.0,0.09,0.889,31634.801118850708
11,size_11_NN_11,194,proportional,cuda,0.00025,Adam,582000,0.09,1000,69.0,0.963,0.9339999999999999,23.7,0.09,0.931,31798.537135839462
11,size_11_NN_11,195,proportional,cuda,0.00025,Adam,585000,0.09,1000,96.0,0.922,0.916,24.5,0.09,0.904,31964.722438812256
11,size_11_NN_11,196,proportional,cuda,0.00025,Adam,588000,0.09,1000,86.0,0.937,0.924,24.5,0.09,0.914,32127.801201581955
11,size_11_NN_11,197,proportional,cuda,0.00025,Adam,591000,0.09,1000,88.0,0.938,0.917,24.0,0.09,0.912,32295.59176301956
11,size_11_NN_11,198,proportional,cuda,0.00025,Adam,594000,0.09,1000,100.0,0.932,0.912,24.5,0.09,0.9,32460.335978746414
11,size_11_NN_11,199,proportional,cuda,0.00025,Adam,597000,0.09,1000,75.0,0.948,0.9319999999999999,23.7,0.09,0.925,32626.350792646408
11,size_11_NN_11,200,proportional,cuda,0.00025,Adam,600000,0.09,1000,101.0,0.922,0.908,24.4,0.09,0.899,32792.997997522354
11,size_11_NN_11,201,proportional,cuda,0.00025,Adam,603000,0.09,1000,62.0,0.962,0.942,23.2,0.09,0.938,32956.975304841995
11,size_11_NN_11,202,proportional,cuda,0.00025,Adam,606000,0.09,1000,83.0,0.946,0.924,24.1,0.09,0.917,33123.7861263752
11,size_11_NN_11,203,proportional,cuda,0.00025,Adam,609000,0.09,1000,111.0,0.913,0.9,25.0,0.09,0.889,33284.35539126396
11,size_11_NN_11,204,proportional,cuda,0.00025,Adam,612000,0.09,1000,112.0,0.906,0.901,25.1,0.09,0.888,33450.00821685791
11,size_11_NN_11,205,proportional,cuda,0.00025,Adam,615000,0.09,1000,93.0,0.928,0.911,24.9,0.09,0.907,33611.88914132118
11,size_11_NN_11,206,proportional,cuda,0.00025,Adam,618000,0.09,1000,93.0,0.93,0.917,24.4,0.09,0.907,33777.761279821396
11,size_11_NN_11,207,proportional,cuda,0.00025,Adam,621000,0.09,1000,60.0,0.955,0.946,23.4,0.09,0.94,33941.73171854019
11,size_11_NN_11,208,proportional,cuda,0.00025,Adam,624000,0.09,1000,66.0,0.969,0.937,23.4,0.09,0.934,34110.22236800194
11,size_11_NN_11,209,proportional,cuda,0.00025,Adam,627000,0.09,1000,81.0,0.941,0.924,24.1,0.09,0.919,34272.88158988953
11,size_11_NN_11,210,proportional,cuda,0.00025,Adam,630000,0.09,1000,82.0,0.949,0.922,23.9,0.09,0.918,34438.97741699219
11,size_11_NN_11,211,proportional,cuda,0.00025,Adam,633000,0.09,1000,66.0,0.952,0.9390000000000001,23.7,0.09,0.934,34605.5679268837
11,size_11_NN_11,212,proportional,cuda,0.00025,Adam,636000,0.09,1000,85.0,0.939,0.919,24.2,0.09,0.915,34772.00239467621
11,size_11_NN_11,213,proportional,cuda,0.00025,Adam,639000,0.09,1000,95.0,0.944,0.909,24.2,0.09,0.905,34936.18002271652
11,size_11_NN_11,214,proportional,cuda,0.00025,Adam,642000,0.09,1000,77.0,0.944,0.929,23.9,0.09,0.923,35102.499031066895
11,size_11_NN_11,215,proportional,cuda,0.00025,Adam,645000,0.09,1000,186.0,0.824,0.829,26.9,0.09,0.814,35268.80952215195
11,size_11_NN_11,216,proportional,cuda,0.00025,Adam,648000,0.09,1000,119.0,0.907,0.891,25.1,0.09,0.881,35435.06664562225
11,size_11_NN_11,217,proportional,cuda,0.00025,Adam,651000,0.09,1000,65.0,0.96,0.937,23.5,0.09,0.935,35601.000161886215
11,size_11_NN_11,218,proportional,cuda,0.00025,Adam,654000,0.09,1000,85.0,0.947,0.919,24.0,0.09,0.915,35768.04004740715
11,size_11_NN_11,219,proportional,cuda,0.00025,Adam,657000,0.09,1000,69.0,0.948,0.9339999999999999,24.0,0.09,0.931,35936.60412096977
11,size_11_NN_11,220,proportional,cuda,0.00025,Adam,660000,0.09,1000,93.0,0.932,0.916,24.5,0.09,0.907,36098.10691547394
11,size_11_NN_11,221,proportional,cuda,0.00025,Adam,663000,0.09,1000,67.0,0.953,0.937,23.4,0.09,0.933,36264.94687962532
11,size_11_NN_11,222,proportional,cuda,0.00025,Adam,666000,0.09,1000,63.0,0.961,0.942,23.7,0.09,0.937,36430.081600904465
11,size_11_NN_11,223,proportional,cuda,0.00025,Adam,669000,0.09,1000,85.0,0.951,0.918,24.0,0.09,0.915,36597.65666913986
11,size_11_NN_11,224,proportional,cuda,0.00025,Adam,672000,0.09,1000,105.0,0.931,0.899,24.5,0.09,0.895,36761.41699838638
11,size_11_NN_11,225,proportional,cuda,0.00025,Adam,675000,0.09,1000,105.0,0.91,0.898,25.0,0.09,0.895,36928.98117637634
11,size_11_NN_11,226,proportional,cuda,0.00025,Adam,678000,0.09,1000,64.0,0.963,0.942,23.5,0.09,0.936,37092.9693043232
11,size_11_NN_11,227,proportional,cuda,0.00025,Adam,681000,0.09,1000,76.0,0.958,0.933,23.8,0.09,0.924,37259.760684490204
11,size_11_NN_11,228,proportional,cuda,0.00025,Adam,684000,0.09,1000,84.0,0.944,0.921,24.2,0.09,0.916,37424.4367415905
11,size_11_NN_11,229,proportional,cuda,0.00025,Adam,687000,0.09,1000,69.0,0.951,0.9359999999999999,23.6,0.09,0.931,37592.26285362244
11,size_11_NN_11,230,proportional,cuda,0.00025,Adam,690000,0.09,1000,101.0,0.927,0.903,24.4,0.09,0.899,37757.73413348198
11,size_11_NN_11,231,proportional,cuda,0.00025,Adam,693000,0.09,1000,83.0,0.944,0.925,24.0,0.09,0.917,37927.78543281555
11,size_11_NN_11,232,proportional,cuda,0.00025,Adam,696000,0.09,1000,85.0,0.948,0.918,24.3,0.09,0.915,38092.90603685379
11,size_11_NN_11,233,proportional,cuda,0.00025,Adam,699000,0.09,1000,86.0,0.943,0.919,24.1,0.09,0.914,38262.40811061859
11,size_11_NN_11,234,proportional,cuda,0.00025,Adam,702000,0.09,1000,89.0,0.938,0.917,24.3,0.09,0.911,38429.36730313301
11,size_11_NN_11,235,proportional,cuda,0.00025,Adam,705000,0.09,1000,109.0,0.913,0.894,24.9,0.09,0.891,38592.73838305473
11,size_11_NN_11,236,proportional,cuda,0.00025,Adam,708000,0.09,1000,80.0,0.943,0.925,23.5,0.09,0.92,38759.51721930504
11,size_11_NN_11,237,proportional,cuda,0.00025,Adam,711000,0.09,1000,75.0,0.951,0.928,23.9,0.09,0.925,38926.36193275452
11,size_11_NN_11,238,proportional,cuda,0.00025,Adam,714000,0.09,1000,91.0,0.926,0.914,24.5,0.09,0.909,39089.29332256317
11,size_11_NN_11,239,proportional,cuda,0.00025,Adam,717000,0.09,1000,76.0,0.961,0.924,23.7,0.09,0.924,39254.32003927231
11,size_11_NN_11,240,proportional,cuda,0.00025,Adam,720000,0.09,1000,94.0,0.937,0.912,24.5,0.09,0.906,39418.55186057091
11,size_11_NN_11,241,proportional,cuda,0.00025,Adam,723000,0.09,1000,98.0,0.919,0.913,24.5,0.09,0.902,39581.376185417175
11,size_11_NN_11,242,proportional,cuda,0.00025,Adam,726000,0.09,1000,104.0,0.922,0.902,24.4,0.09,0.896,39748.997962236404
11,size_11_NN_11,243,proportional,cuda,0.00025,Adam,729000,0.09,1000,75.0,0.942,0.9319999999999999,24.2,0.09,0.925,39917.38152933121
11,size_11_NN_11,244,proportional,cuda,0.00025,Adam,732000,0.09,1000,69.0,0.956,0.933,23.4,0.09,0.931,40084.47410058975
11,size_11_NN_11,245,proportional,cuda,0.00025,Adam,735000,0.09,1000,94.0,0.931,0.912,24.3,0.09,0.906,40248.88123846054
11,size_11_NN_11,246,proportional,cuda,0.00025,Adam,738000,0.09,1000,94.0,0.926,0.911,24.2,0.09,0.906,40408.810089588165
11,size_11_NN_11,247,proportional,cuda,0.00025,Adam,741000,0.09,1000,90.0,0.946,0.915,24.3,0.09,0.91,40573.27942156792
11,size_11_NN_11,248,proportional,cuda,0.00025,Adam,744000,0.09,1000,131.0,0.897,0.882,25.5,0.09,0.869,40739.75054383278
11,size_11_NN_11,249,proportional,cuda,0.00025,Adam,747000,0.09,1000,93.0,0.918,0.912,24.4,0.09,0.907,40905.90892410278
11,size_11_NN_11,250,proportional,cuda,0.00025,Adam,750000,0.09,1000,111.0,0.91,0.897,24.8,0.09,0.889,41069.74997091293
11,size_11_NN_11,251,proportional,cuda,0.00025,Adam,753000,0.09,1000,84.0,0.948,0.918,23.8,0.09,0.916,41234.85278868675
11,size_11_NN_11,252,proportional,cuda,0.00025,Adam,756000,0.09,1000,80.0,0.94,0.929,24.0,0.09,0.92,41402.920573949814
11,size_11_NN_11,253,proportional,cuda,0.00025,Adam,759000,0.09,1000,78.0,0.948,0.925,23.9,0.09,0.922,41566.85399222374
11,size_11_NN_11,254,proportional,cuda,0.00025,Adam,762000,0.09,1000,64.0,0.96,0.937,23.4,0.09,0.936,41731.73791003227
11,size_11_NN_11,255,proportional,cuda,0.00025,Adam,765000,0.09,1000,61.0,0.954,0.9410000000000001,23.9,0.09,0.939,41897.705951690674
11,size_11_NN_11,256,proportional,cuda,0.00025,Adam,768000,0.09,1000,99.0,0.921,0.908,24.6,0.09,0.901,42062.61568045616
11,size_11_NN_11,257,proportional,cuda,0.00025,Adam,771000,0.09,1000,75.0,0.956,0.9339999999999999,23.8,0.09,0.925,42229.21001839638
11,size_11_NN_11,258,proportional,cuda,0.00025,Adam,774000,0.09,1000,77.0,0.953,0.9299999999999999,23.9,0.09,0.923,42398.737522125244
11,size_11_NN_11,259,proportional,cuda,0.00025,Adam,777000,0.09,1000,93.0,0.93,0.911,24.2,0.09,0.907,42562.80944824219
11,size_11_NN_11,260,proportional,cuda,0.00025,Adam,780000,0.09,1000,66.0,0.959,0.9390000000000001,23.5,0.09,0.934,42730.363352537155
11,size_11_NN_11,261,proportional,cuda,0.00025,Adam,783000,0.09,1000,73.0,0.969,0.929,23.4,0.09,0.927,42895.941138505936
11,size_11_NN_11,262,proportional,cuda,0.00025,Adam,786000,0.09,1000,79.0,0.951,0.9299999999999999,24.1,0.09,0.921,43064.71661710739
11,size_11_NN_11,263,proportional,cuda,0.00025,Adam,789000,0.09,1000,149.0,0.869,0.867,25.3,0.09,0.851,43228.22062110901
11,size_11_NN_11,264,proportional,cuda,0.00025,Adam,792000,0.09,1000,146.0,0.875,0.862,26.0,0.09,0.854,43393.154183387756
11,size_11_NN_11,265,proportional,cuda,0.00025,Adam,795000,0.09,1000,92.0,0.931,0.914,24.5,0.09,0.908,43556.6990749836
11,size_11_NN_11,266,proportional,cuda,0.00025,Adam,798000,0.09,1000,102.0,0.936,0.908,24.6,0.09,0.898,43725.210955142975
11,size_11_NN_11,267,proportional,cuda,0.00025,Adam,801000,0.09,1000,85.0,0.946,0.918,24.1,0.09,0.915,43890.463314294815
11,size_11_NN_11,268,proportional,cuda,0.00025,Adam,804000,0.09,1000,119.0,0.916,0.888,24.8,0.09,0.881,44058.584112644196
11,size_11_NN_11,269,proportional,cuda,0.00025,Adam,807000,0.09,1000,79.0,0.955,0.924,23.9,0.09,0.921,44227.03127121925
11,size_11_NN_11,270,proportional,cuda,0.00025,Adam,810000,0.09,1000,117.0,0.899,0.885,25.1,0.09,0.883,44396.012904405594
11,size_11_NN_11,271,proportional,cuda,0.00025,Adam,813000,0.09,1000,64.0,0.953,0.945,23.6,0.09,0.936,44565.580592632294
11,size_11_NN_11,272,proportional,cuda,0.00025,Adam,816000,0.09,1000,88.0,0.944,0.916,23.8,0.09,0.912,44731.441039800644
11,size_11_NN_11,273,proportional,cuda,0.00025,Adam,819000,0.09,1000,59.0,0.972,0.944,23.4,0.09,0.941,44902.12416791916
11,size_11_NN_11,274,proportional,cuda,0.00025,Adam,822000,0.09,1000,74.0,0.954,0.928,23.7,0.09,0.926,45070.76372504234
11,size_11_NN_11,275,proportional,cuda,0.00025,Adam,825000,0.09,1000,74.0,0.952,0.929,23.8,0.09,0.926,45239.43246769905
11,size_11_NN_11,276,proportional,cuda,0.00025,Adam,828000,0.09,1000,82.0,0.948,0.924,24.3,0.09,0.918,45408.95848965645
11,size_11_NN_11,277,proportional,cuda,0.00025,Adam,831000,0.09,1000,94.0,0.935,0.913,24.0,0.09,0.906,45577.637600421906
11,size_11_NN_11,278,proportional,cuda,0.00025,Adam,834000,0.09,1000,133.0,0.887,0.872,25.5,0.09,0.867,45743.423209667206
11,size_11_NN_11,279,proportional,cuda,0.00025,Adam,837000,0.09,1000,115.0,0.906,0.894,24.9,0.09,0.885,45913.3713722229
11,size_11_NN_11,280,proportional,cuda,0.00025,Adam,840000,0.09,1000,105.0,0.912,0.908,24.7,0.09,0.895,46080.51787304878
11,size_11_NN_11,281,proportional,cuda,0.00025,Adam,843000,0.09,1000,181.0,0.836,0.831,26.5,0.09,0.819,46246.81052541733
11,size_11_NN_11,282,proportional,cuda,0.00025,Adam,846000,0.09,1000,111.0,0.911,0.896,24.8,0.09,0.889,46414.29709029198
11,size_11_NN_11,283,proportional,cuda,0.00025,Adam,849000,0.09,1000,78.0,0.949,0.927,24.0,0.09,0.922,46582.912788152695
11,size_11_NN_11,284,proportional,cuda,0.00025,Adam,852000,0.09,1000,115.0,0.903,0.893,24.8,0.09,0.885,46750.432502985
11,size_11_NN_11,285,proportional,cuda,0.00025,Adam,855000,0.09,1000,88.0,0.931,0.918,24.5,0.09,0.912,46919.01581811905
