# system_size, network_name, epoch, replay_memory, device, learning_rate, optimizer, total_training_steps, prediction_list_p_error, number_of_predictions, number_of_failed_syndroms, error_corrected_list, ground_state_list, average_number_of_steps_list, p_error_train, win_rate, training_time
0.0,0.0,0.0,0.0,0.0,0.0,0.0,0.0,0.0,0.0,0.0,0.0,0.0,0.0,0.0,0.0,0.0
7,size_7_size_7_NN_11_epoch_178,1,proportional,cuda,0.00025,Adam,3000,0.1,1000,77.0,0.996,0.923,10.3,0.1,0.923,131.05568647384644
7,size_7_size_7_NN_11_epoch_178,2,proportional,cuda,0.00025,Adam,6000,0.1,1000,96.0,0.995,0.904,10.2,0.1,0.904,259.4546263217926
7,size_7_size_7_NN_11_epoch_178,3,proportional,cuda,0.00025,Adam,9000,0.1,1000,105.0,0.996,0.895,10.3,0.1,0.895,383.7326970100403
7,size_7_size_7_NN_11_epoch_178,4,proportional,cuda,0.00025,Adam,12000,0.1,1000,91.0,0.995,0.909,10.1,0.1,0.909,509.53415155410767
7,size_7_size_7_NN_11_epoch_178,5,proportional,cuda,0.00025,Adam,15000,0.1,1000,76.0,0.999,0.924,9.9,0.1,0.924,636.5550811290741
7,size_7_size_7_NN_11_epoch_178,6,proportional,cuda,0.00025,Adam,18000,0.1,1000,108.0,0.99,0.893,10.5,0.1,0.892,762.2619249820709
7,size_7_size_7_NN_11_epoch_178,7,proportional,cuda,0.00025,Adam,21000,0.1,1000,98.0,0.993,0.902,10.4,0.1,0.902,890.3595645427704
7,size_7_size_7_NN_11_epoch_178,8,proportional,cuda,0.00025,Adam,24000,0.1,1000,105.0,0.991,0.895,10.5,0.1,0.895,1016.6262719631195
7,size_7_size_7_NN_11_epoch_178,9,proportional,cuda,0.00025,Adam,27000,0.1,1000,86.0,0.995,0.914,10.3,0.1,0.914,1142.7070634365082
7,size_7_size_7_NN_11_epoch_178,10,proportional,cuda,0.00025,Adam,30000,0.1,1000,93.0,0.994,0.907,10.3,0.1,0.907,1264.9738810062408
7,size_7_size_7_NN_11_epoch_178,11,proportional,cuda,0.00025,Adam,33000,0.1,1000,81.0,0.998,0.919,9.9,0.1,0.919,1391.3338642120361
7,size_7_size_7_NN_11_epoch_178,12,proportional,cuda,0.00025,Adam,36000,0.1,1000,97.0,0.996,0.903,10.4,0.1,0.903,1513.1432673931122
7,size_7_size_7_NN_11_epoch_178,13,proportional,cuda,0.00025,Adam,39000,0.1,1000,89.0,0.99,0.912,10.2,0.1,0.911,1635.1235315799713
7,size_7_size_7_NN_11_epoch_178,14,proportional,cuda,0.00025,Adam,42000,0.1,1000,93.0,0.989,0.908,10.7,0.1,0.907,1756.3036348819733
7,size_7_size_7_NN_11_epoch_178,15,proportional,cuda,0.00025,Adam,45000,0.1,1000,80.0,0.994,0.921,10.3,0.1,0.92,1876.0991640090942
7,size_7_size_7_NN_11_epoch_178,16,proportional,cuda,0.00025,Adam,48000,0.1,1000,82.0,0.995,0.919,10.2,0.1,0.918,2002.1745986938477
7,size_7_size_7_NN_11_epoch_178,17,proportional,cuda,0.00025,Adam,51000,0.1,1000,82.0,0.997,0.918,10.1,0.1,0.918,2126.06338596344
7,size_7_size_7_NN_11_epoch_178,18,proportional,cuda,0.00025,Adam,54000,0.1,1000,78.0,0.996,0.923,10.2,0.1,0.922,2249.5525081157684
7,size_7_size_7_NN_11_epoch_178,19,proportional,cuda,0.00025,Adam,57000,0.1,1000,114.0,0.985,0.886,10.7,0.1,0.886,2373.6466748714447
7,size_7_size_7_NN_11_epoch_178,20,proportional,cuda,0.00025,Adam,60000,0.1,1000,106.0,0.985,0.895,10.7,0.1,0.894,2495.741649866104
7,size_7_size_7_NN_11_epoch_178,21,proportional,cuda,0.00025,Adam,63000,0.1,1000,72.0,0.991,0.928,10.2,0.1,0.928,2620.8440325260162
7,size_7_size_7_NN_11_epoch_178,22,proportional,cuda,0.00025,Adam,66000,0.1,1000,95.0,0.984,0.907,10.4,0.1,0.905,2743.5999295711517
7,size_7_size_7_NN_11_epoch_178,23,proportional,cuda,0.00025,Adam,69000,0.1,1000,104.0,0.991,0.897,10.4,0.1,0.896,2867.1919157505035
7,size_7_size_7_NN_11_epoch_178,24,proportional,cuda,0.00025,Adam,72000,0.1,1000,90.0,0.996,0.91,10.2,0.1,0.91,2989.642431497574
7,size_7_size_7_NN_11_epoch_178,25,proportional,cuda,0.00025,Adam,75000,0.1,1000,73.0,1.0,0.927,10.0,0.1,0.927,3114.83704328537
7,size_7_size_7_NN_11_epoch_178,26,proportional,cuda,0.00025,Adam,78000,0.1,1000,101.0,0.982,0.901,10.8,0.1,0.899,3236.858869791031
7,size_7_size_7_NN_11_epoch_178,27,proportional,cuda,0.00025,Adam,81000,0.1,1000,96.0,0.988,0.907,10.6,0.1,0.904,3360.341552257538
7,size_7_size_7_NN_11_epoch_178,28,proportional,cuda,0.00025,Adam,84000,0.1,1000,106.0,0.983,0.897,10.6,0.1,0.894,3482.9468817710876
7,size_7_size_7_NN_11_epoch_178,29,proportional,cuda,0.00025,Adam,87000,0.1,1000,85.0,0.986,0.916,10.4,0.1,0.915,3604.9015305042267
7,size_7_size_7_NN_11_epoch_178,30,proportional,cuda,0.00025,Adam,90000,0.1,1000,103.0,0.992,0.898,10.3,0.1,0.897,3726.8585257530212
7,size_7_size_7_NN_11_epoch_178,31,proportional,cuda,0.00025,Adam,93000,0.1,1000,100.0,0.996,0.9,10.3,0.1,0.9,3848.16223859787
7,size_7_size_7_NN_11_epoch_178,32,proportional,cuda,0.00025,Adam,96000,0.1,1000,81.0,0.998,0.919,10.1,0.1,0.919,3969.521215200424
7,size_7_size_7_NN_11_epoch_178,33,proportional,cuda,0.00025,Adam,99000,0.1,1000,91.0,0.99,0.91,10.4,0.1,0.909,4088.4847841262817
7,size_7_size_7_NN_11_epoch_178,34,proportional,cuda,0.00025,Adam,102000,0.1,1000,81.0,0.992,0.919,10.3,0.1,0.919,4208.996738910675
7,size_7_size_7_NN_11_epoch_178,35,proportional,cuda,0.00025,Adam,105000,0.1,1000,87.0,0.996,0.914,10.2,0.1,0.913,4329.633340597153
7,size_7_size_7_NN_11_epoch_178,36,proportional,cuda,0.00025,Adam,108000,0.1,1000,99.0,0.998,0.901,10.2,0.1,0.901,4450.918477296829
7,size_7_size_7_NN_11_epoch_178,37,proportional,cuda,0.00025,Adam,111000,0.1,1000,83.0,0.997,0.917,10.1,0.1,0.917,4574.587850570679
7,size_7_size_7_NN_11_epoch_178,38,proportional,cuda,0.00025,Adam,114000,0.1,1000,85.0,0.989,0.916,10.4,0.1,0.915,4695.563209056854
7,size_7_size_7_NN_11_epoch_178,39,proportional,cuda,0.00025,Adam,117000,0.1,1000,95.0,0.995,0.905,10.3,0.1,0.905,4816.41203212738
7,size_7_size_7_NN_11_epoch_178,40,proportional,cuda,0.00025,Adam,120000,0.1,1000,74.0,0.999,0.927,10.1,0.1,0.926,4936.3562252521515
7,size_7_size_7_NN_11_epoch_178,41,proportional,cuda,0.00025,Adam,123000,0.1,1000,87.0,0.996,0.913,10.4,0.1,0.913,5059.004976272583
7,size_7_size_7_NN_11_epoch_178,42,proportional,cuda,0.00025,Adam,126000,0.1,1000,82.0,0.995,0.918,10.1,0.1,0.918,5179.758150339127
7,size_7_size_7_NN_11_epoch_178,43,proportional,cuda,0.00025,Adam,129000,0.1,1000,90.0,0.994,0.91,10.3,0.1,0.91,5300.9536690711975
7,size_7_size_7_NN_11_epoch_178,44,proportional,cuda,0.00025,Adam,132000,0.1,1000,88.0,0.995,0.912,10.1,0.1,0.912,5422.576252937317
7,size_7_size_7_NN_11_epoch_178,45,proportional,cuda,0.00025,Adam,135000,0.1,1000,98.0,0.995,0.902,10.4,0.1,0.902,5544.5694942474365
7,size_7_size_7_NN_11_epoch_178,46,proportional,cuda,0.00025,Adam,138000,0.1,1000,89.0,0.991,0.914,10.4,0.1,0.911,5665.634448051453
7,size_7_size_7_NN_11_epoch_178,47,proportional,cuda,0.00025,Adam,141000,0.1,1000,84.0,0.995,0.916,10.0,0.1,0.916,5786.731405973434
7,size_7_size_7_NN_11_epoch_178,48,proportional,cuda,0.00025,Adam,144000,0.1,1000,87.0,0.991,0.915,10.3,0.1,0.913,5911.2087507247925
7,size_7_size_7_NN_11_epoch_178,49,proportional,cuda,0.00025,Adam,147000,0.1,1000,80.0,0.994,0.92,10.1,0.1,0.92,6031.838072538376
7,size_7_size_7_NN_11_epoch_178,50,proportional,cuda,0.00025,Adam,150000,0.1,1000,84.0,0.997,0.916,10.0,0.1,0.916,6152.614097356796
7,size_7_size_7_NN_11_epoch_178,51,proportional,cuda,0.00025,Adam,153000,0.1,1000,91.0,0.985,0.91,10.6,0.1,0.909,6272.549669981003
7,size_7_size_7_NN_11_epoch_178,52,proportional,cuda,0.00025,Adam,156000,0.1,1000,105.0,0.988,0.896,10.4,0.1,0.895,6393.3753933906555
7,size_7_size_7_NN_11_epoch_178,53,proportional,cuda,0.00025,Adam,159000,0.1,1000,101.0,0.987,0.899,10.7,0.1,0.899,6512.905604124069
7,size_7_size_7_NN_11_epoch_178,54,proportional,cuda,0.00025,Adam,162000,0.1,1000,94.0,0.992,0.906,10.3,0.1,0.906,6635.871205568314
7,size_7_size_7_NN_11_epoch_178,55,proportional,cuda,0.00025,Adam,165000,0.1,1000,82.0,0.994,0.919,10.0,0.1,0.918,6757.182628154755
7,size_7_size_7_NN_11_epoch_178,56,proportional,cuda,0.00025,Adam,168000,0.1,1000,90.0,0.993,0.91,10.3,0.1,0.91,6877.831889390945
7,size_7_size_7_NN_11_epoch_178,57,proportional,cuda,0.00025,Adam,171000,0.1,1000,96.0,0.995,0.904,10.3,0.1,0.904,7001.290832042694
7,size_7_size_7_NN_11_epoch_178,58,proportional,cuda,0.00025,Adam,174000,0.1,1000,83.0,0.984,0.918,10.7,0.1,0.917,7125.561080932617
7,size_7_size_7_NN_11_epoch_178,59,proportional,cuda,0.00025,Adam,177000,0.1,1000,87.0,0.995,0.913,10.3,0.1,0.913,7248.50220990181
7,size_7_size_7_NN_11_epoch_178,60,proportional,cuda,0.00025,Adam,180000,0.1,1000,96.0,0.994,0.904,10.4,0.1,0.904,7371.320012331009
7,size_7_size_7_NN_11_epoch_178,61,proportional,cuda,0.00025,Adam,183000,0.1,1000,82.0,0.994,0.919,10.3,0.1,0.918,7494.451927900314
7,size_7_size_7_NN_11_epoch_178,62,proportional,cuda,0.00025,Adam,186000,0.1,1000,106.0,0.993,0.894,10.2,0.1,0.894,7615.869387149811
7,size_7_size_7_NN_11_epoch_178,63,proportional,cuda,0.00025,Adam,189000,0.1,1000,82.0,0.994,0.918,10.2,0.1,0.918,7736.97566485405
7,size_7_size_7_NN_11_epoch_178,64,proportional,cuda,0.00025,Adam,192000,0.1,1000,89.0,0.985,0.912,10.6,0.1,0.911,7857.770552396774
7,size_7_size_7_NN_11_epoch_178,65,proportional,cuda,0.00025,Adam,195000,0.1,1000,88.0,0.99,0.914,10.4,0.1,0.912,7979.630204200745
7,size_7_size_7_NN_11_epoch_178,66,proportional,cuda,0.00025,Adam,198000,0.1,1000,91.0,0.99,0.911,10.5,0.1,0.909,8102.825026035309
7,size_7_size_7_NN_11_epoch_178,67,proportional,cuda,0.00025,Adam,201000,0.1,1000,89.0,0.999,0.912,10.0,0.1,0.911,8224.676438093185
7,size_7_size_7_NN_11_epoch_178,68,proportional,cuda,0.00025,Adam,204000,0.1,1000,91.0,0.993,0.909,10.1,0.1,0.909,8348.391182899475
7,size_7_size_7_NN_11_epoch_178,69,proportional,cuda,0.00025,Adam,207000,0.1,1000,91.0,0.991,0.909,10.5,0.1,0.909,8470.143081903458
7,size_7_size_7_NN_11_epoch_178,70,proportional,cuda,0.00025,Adam,210000,0.1,1000,82.0,0.997,0.918,10.0,0.1,0.918,8592.331221818924
7,size_7_size_7_NN_11_epoch_178,71,proportional,cuda,0.00025,Adam,213000,0.1,1000,77.0,0.994,0.924,10.2,0.1,0.923,8714.012835025787
7,size_7_size_7_NN_11_epoch_178,72,proportional,cuda,0.00025,Adam,216000,0.1,1000,65.0,0.996,0.937,10.2,0.1,0.935,8835.987085103989
7,size_7_size_7_NN_11_epoch_178,73,proportional,cuda,0.00025,Adam,219000,0.1,1000,89.0,0.992,0.911,10.2,0.1,0.911,8961.091097831726
7,size_7_size_7_NN_11_epoch_178,74,proportional,cuda,0.00025,Adam,222000,0.1,1000,96.0,0.995,0.905,10.4,0.1,0.904,9085.207972764969
7,size_7_size_7_NN_11_epoch_178,75,proportional,cuda,0.00025,Adam,225000,0.1,1000,97.0,0.994,0.903,10.4,0.1,0.903,9205.869466781616
7,size_7_size_7_NN_11_epoch_178,76,proportional,cuda,0.00025,Adam,228000,0.1,1000,79.0,0.99,0.922,10.2,0.1,0.921,9329.822379350662
7,size_7_size_7_NN_11_epoch_178,77,proportional,cuda,0.00025,Adam,231000,0.1,1000,92.0,0.991,0.909,10.5,0.1,0.908,9452.786231279373
7,size_7_size_7_NN_11_epoch_178,78,proportional,cuda,0.00025,Adam,234000,0.1,1000,99.0,0.997,0.901,10.2,0.1,0.901,9576.278478384018
7,size_7_size_7_NN_11_epoch_178,79,proportional,cuda,0.00025,Adam,237000,0.1,1000,94.0,0.996,0.906,10.1,0.1,0.906,9697.801305532455
7,size_7_size_7_NN_11_epoch_178,80,proportional,cuda,0.00025,Adam,240000,0.1,1000,64.0,0.991,0.938,10.2,0.1,0.936,9823.84048628807
7,size_7_size_7_NN_11_epoch_178,81,proportional,cuda,0.00025,Adam,243000,0.1,1000,93.0,0.994,0.907,10.5,0.1,0.907,9945.673125982285
7,size_7_size_7_NN_11_epoch_178,82,proportional,cuda,0.00025,Adam,246000,0.1,1000,79.0,0.995,0.921,10.1,0.1,0.921,10068.986040115356
7,size_7_size_7_NN_11_epoch_178,83,proportional,cuda,0.00025,Adam,249000,0.1,1000,98.0,0.995,0.904,10.4,0.1,0.902,10190.238226652145
7,size_7_size_7_NN_11_epoch_178,84,proportional,cuda,0.00025,Adam,252000,0.1,1000,94.0,0.997,0.906,10.1,0.1,0.906,10311.260306596756
7,size_7_size_7_NN_11_epoch_178,85,proportional,cuda,0.00025,Adam,255000,0.1,1000,95.0,0.992,0.906,10.3,0.1,0.905,10434.29518866539
7,size_7_size_7_NN_11_epoch_178,86,proportional,cuda,0.00025,Adam,258000,0.1,1000,77.0,0.99,0.924,10.2,0.1,0.923,10559.488352298737
7,size_7_size_7_NN_11_epoch_178,87,proportional,cuda,0.00025,Adam,261000,0.1,1000,89.0,0.998,0.911,10.0,0.1,0.911,10680.645302534103
7,size_7_size_7_NN_11_epoch_178,88,proportional,cuda,0.00025,Adam,264000,0.1,1000,75.0,0.998,0.925,10.0,0.1,0.925,10802.72164106369
7,size_7_size_7_NN_11_epoch_178,89,proportional,cuda,0.00025,Adam,267000,0.1,1000,99.0,0.988,0.901,10.4,0.1,0.901,10924.387239694595
7,size_7_size_7_NN_11_epoch_178,90,proportional,cuda,0.00025,Adam,270000,0.1,1000,92.0,0.99,0.908,10.4,0.1,0.908,11046.78706407547
7,size_7_size_7_NN_11_epoch_178,91,proportional,cuda,0.00025,Adam,273000,0.1,1000,82.0,0.995,0.918,10.3,0.1,0.918,11171.775310277939
7,size_7_size_7_NN_11_epoch_178,92,proportional,cuda,0.00025,Adam,276000,0.1,1000,80.0,0.997,0.92,10.1,0.1,0.92,11294.006517648697
7,size_7_size_7_NN_11_epoch_178,93,proportional,cuda,0.00025,Adam,279000,0.1,1000,83.0,0.994,0.917,10.2,0.1,0.917,11418.54729771614
7,size_7_size_7_NN_11_epoch_178,94,proportional,cuda,0.00025,Adam,282000,0.1,1000,107.0,0.999,0.893,10.2,0.1,0.893,11542.370743274689
7,size_7_size_7_NN_11_epoch_178,95,proportional,cuda,0.00025,Adam,285000,0.1,1000,91.0,0.994,0.91,10.3,0.1,0.909,11663.999440431595
7,size_7_size_7_NN_11_epoch_178,96,proportional,cuda,0.00025,Adam,288000,0.1,1000,81.0,0.997,0.92,10.0,0.1,0.919,11787.723482608795
7,size_7_size_7_NN_11_epoch_178,97,proportional,cuda,0.00025,Adam,291000,0.1,1000,84.0,0.994,0.916,10.3,0.1,0.916,11907.55855345726
7,size_7_size_7_NN_11_epoch_178,98,proportional,cuda,0.00025,Adam,294000,0.1,1000,82.0,0.991,0.92,10.3,0.1,0.918,12029.300505638123
7,size_7_size_7_NN_11_epoch_178,99,proportional,cuda,0.00025,Adam,297000,0.1,1000,77.0,0.997,0.923,9.8,0.1,0.923,12150.590225696564
7,size_7_size_7_NN_11_epoch_178,100,proportional,cuda,0.00025,Adam,300000,0.1,1000,89.0,0.998,0.911,10.0,0.1,0.911,12269.829950332642
7,size_7_size_7_NN_11_epoch_178,101,proportional,cuda,0.00025,Adam,303000,0.1,1000,100.0,0.979,0.904,10.6,0.1,0.9,12391.05619263649
7,size_7_size_7_NN_11_epoch_178,102,proportional,cuda,0.00025,Adam,306000,0.1,1000,87.0,0.994,0.913,10.4,0.1,0.913,12511.177661895752
7,size_7_size_7_NN_11_epoch_178,103,proportional,cuda,0.00025,Adam,309000,0.1,1000,90.0,0.994,0.91,10.1,0.1,0.91,12632.957767248154
7,size_7_size_7_NN_11_epoch_178,104,proportional,cuda,0.00025,Adam,312000,0.1,1000,90.0,0.988,0.911,10.5,0.1,0.91,12756.038930654526
7,size_7_size_7_NN_11_epoch_178,105,proportional,cuda,0.00025,Adam,315000,0.1,1000,89.0,0.99,0.912,10.5,0.1,0.911,12877.45186138153
7,size_7_size_7_NN_11_epoch_178,106,proportional,cuda,0.00025,Adam,318000,0.1,1000,75.0,0.998,0.925,10.1,0.1,0.925,13001.720992565155
7,size_7_size_7_NN_11_epoch_178,107,proportional,cuda,0.00025,Adam,321000,0.1,1000,93.0,0.996,0.907,10.2,0.1,0.907,13122.435457229614
7,size_7_size_7_NN_11_epoch_178,108,proportional,cuda,0.00025,Adam,324000,0.1,1000,96.0,0.994,0.904,10.2,0.1,0.904,13244.285349845886
7,size_7_size_7_NN_11_epoch_178,109,proportional,cuda,0.00025,Adam,327000,0.1,1000,86.0,0.995,0.914,10.1,0.1,0.914,13365.961986780167
7,size_7_size_7_NN_11_epoch_178,110,proportional,cuda,0.00025,Adam,330000,0.1,1000,86.0,0.994,0.916,10.1,0.1,0.914,13484.311283826828
7,size_7_size_7_NN_11_epoch_178,111,proportional,cuda,0.00025,Adam,333000,0.1,1000,86.0,0.996,0.914,10.0,0.1,0.914,13605.331716299057
7,size_7_size_7_NN_11_epoch_178,112,proportional,cuda,0.00025,Adam,336000,0.1,1000,82.0,0.999,0.919,9.9,0.1,0.918,13725.483115911484
7,size_7_size_7_NN_11_epoch_178,113,proportional,cuda,0.00025,Adam,339000,0.1,1000,74.0,1.0,0.926,10.0,0.1,0.926,13846.628328561783
7,size_7_size_7_NN_11_epoch_178,114,proportional,cuda,0.00025,Adam,342000,0.1,1000,87.0,1.0,0.913,9.8,0.1,0.913,13971.183831453323
7,size_7_size_7_NN_11_epoch_178,115,proportional,cuda,0.00025,Adam,345000,0.1,1000,82.0,0.994,0.919,10.1,0.1,0.918,14094.496510505676
7,size_7_size_7_NN_11_epoch_178,116,proportional,cuda,0.00025,Adam,348000,0.1,1000,65.0,0.997,0.935,10.0,0.1,0.935,14217.81086063385
7,size_7_size_7_NN_11_epoch_178,117,proportional,cuda,0.00025,Adam,351000,0.1,1000,117.0,0.995,0.883,10.2,0.1,0.883,14339.053586959839
7,size_7_size_7_NN_11_epoch_178,118,proportional,cuda,0.00025,Adam,354000,0.1,1000,83.0,0.992,0.918,10.3,0.1,0.917,14461.69301700592
7,size_7_size_7_NN_11_epoch_178,119,proportional,cuda,0.00025,Adam,357000,0.1,1000,104.0,0.993,0.898,10.3,0.1,0.896,14586.449466705322
7,size_7_size_7_NN_11_epoch_178,120,proportional,cuda,0.00025,Adam,360000,0.1,1000,93.0,0.994,0.907,10.3,0.1,0.907,14710.276448965073
7,size_7_size_7_NN_11_epoch_178,121,proportional,cuda,0.00025,Adam,363000,0.1,1000,104.0,0.992,0.897,10.4,0.1,0.896,14829.39625120163
7,size_7_size_7_NN_11_epoch_178,122,proportional,cuda,0.00025,Adam,366000,0.1,1000,103.0,0.988,0.901,10.6,0.1,0.897,14949.570297002792
7,size_7_size_7_NN_11_epoch_178,123,proportional,cuda,0.00025,Adam,369000,0.1,1000,91.0,0.994,0.909,10.1,0.1,0.909,15070.871386289597
7,size_7_size_7_NN_11_epoch_178,124,proportional,cuda,0.00025,Adam,372000,0.1,1000,80.0,0.999,0.92,10.0,0.1,0.92,15192.627526760101
7,size_7_size_7_NN_11_epoch_178,125,proportional,cuda,0.00025,Adam,375000,0.1,1000,77.0,0.992,0.924,10.3,0.1,0.923,15315.54948091507
7,size_7_size_7_NN_11_epoch_178,126,proportional,cuda,0.00025,Adam,378000,0.1,1000,74.0,0.997,0.926,10.0,0.1,0.926,15440.160257101059
7,size_7_size_7_NN_11_epoch_178,127,proportional,cuda,0.00025,Adam,381000,0.1,1000,89.0,0.985,0.911,10.5,0.1,0.911,15562.552245140076
7,size_7_size_7_NN_11_epoch_178,128,proportional,cuda,0.00025,Adam,384000,0.1,1000,83.0,0.998,0.917,9.9,0.1,0.917,15685.940933942795
7,size_7_size_7_NN_11_epoch_178,129,proportional,cuda,0.00025,Adam,387000,0.1,1000,65.0,0.997,0.9359999999999999,9.8,0.1,0.935,15808.623667001724
7,size_7_size_7_NN_11_epoch_178,130,proportional,cuda,0.00025,Adam,390000,0.1,1000,88.0,0.99,0.914,10.4,0.1,0.912,15929.537332773209
7,size_7_size_7_NN_11_epoch_178,131,proportional,cuda,0.00025,Adam,393000,0.1,1000,84.0,0.995,0.918,10.2,0.1,0.916,16052.50385260582
7,size_7_size_7_NN_11_epoch_178,132,proportional,cuda,0.00025,Adam,396000,0.1,1000,93.0,0.997,0.907,10.1,0.1,0.907,16174.109530210495
7,size_7_size_7_NN_11_epoch_178,133,proportional,cuda,0.00025,Adam,399000,0.1,1000,97.0,0.997,0.903,10.1,0.1,0.903,16296.239643096924
7,size_7_size_7_NN_11_epoch_178,134,proportional,cuda,0.00025,Adam,402000,0.1,1000,84.0,0.992,0.916,10.0,0.1,0.916,16417.827238082886
7,size_7_size_7_NN_11_epoch_178,135,proportional,cuda,0.00025,Adam,405000,0.1,1000,93.0,0.994,0.907,10.4,0.1,0.907,16539.844547510147
7,size_7_size_7_NN_11_epoch_178,136,proportional,cuda,0.00025,Adam,408000,0.1,1000,75.0,0.995,0.925,10.1,0.1,0.925,16663.487820625305
7,size_7_size_7_NN_11_epoch_178,137,proportional,cuda,0.00025,Adam,411000,0.1,1000,76.0,0.995,0.924,10.0,0.1,0.924,16784.68917989731
7,size_7_size_7_NN_11_epoch_178,138,proportional,cuda,0.00025,Adam,414000,0.1,1000,104.0,0.992,0.896,10.5,0.1,0.896,16906.943329572678
7,size_7_size_7_NN_11_epoch_178,139,proportional,cuda,0.00025,Adam,417000,0.1,1000,91.0,0.99,0.914,10.2,0.1,0.909,17031.161516189575
7,size_7_size_7_NN_11_epoch_178,140,proportional,cuda,0.00025,Adam,420000,0.1,1000,90.0,0.998,0.91,10.2,0.1,0.91,17152.973744869232
7,size_7_size_7_NN_11_epoch_178,141,proportional,cuda,0.00025,Adam,423000,0.1,1000,90.0,0.991,0.912,10.4,0.1,0.91,17274.437811613083
7,size_7_size_7_NN_11_epoch_178,142,proportional,cuda,0.00025,Adam,426000,0.1,1000,76.0,0.993,0.925,10.3,0.1,0.924,17395.4350669384
7,size_7_size_7_NN_11_epoch_178,143,proportional,cuda,0.00025,Adam,429000,0.1,1000,66.0,0.996,0.9339999999999999,10.0,0.1,0.934,17519.874641895294
7,size_7_size_7_NN_11_epoch_178,144,proportional,cuda,0.00025,Adam,432000,0.1,1000,82.0,0.996,0.918,10.1,0.1,0.918,17641.691004276276
7,size_7_size_7_NN_11_epoch_178,145,proportional,cuda,0.00025,Adam,435000,0.1,1000,97.0,0.991,0.904,10.5,0.1,0.903,17763.5985121727
7,size_7_size_7_NN_11_epoch_178,146,proportional,cuda,0.00025,Adam,438000,0.1,1000,93.0,0.99,0.908,10.4,0.1,0.907,17885.129826068878
7,size_7_size_7_NN_11_epoch_178,147,proportional,cuda,0.00025,Adam,441000,0.1,1000,81.0,0.991,0.92,10.3,0.1,0.919,18009.740179777145
7,size_7_size_7_NN_11_epoch_178,148,proportional,cuda,0.00025,Adam,444000,0.1,1000,99.0,0.99,0.902,10.5,0.1,0.901,18134.004312753677
7,size_7_size_7_NN_11_epoch_178,149,proportional,cuda,0.00025,Adam,447000,0.1,1000,82.0,0.992,0.918,10.4,0.1,0.918,18255.530903816223
7,size_7_size_7_NN_11_epoch_178,150,proportional,cuda,0.00025,Adam,450000,0.1,1000,100.0,0.993,0.901,10.4,0.1,0.9,18375.814983844757
7,size_7_size_7_NN_11_epoch_178,151,proportional,cuda,0.00025,Adam,453000,0.1,1000,87.0,0.994,0.914,10.2,0.1,0.913,18498.54252552986
7,size_7_size_7_NN_11_epoch_178,152,proportional,cuda,0.00025,Adam,456000,0.1,1000,76.0,0.996,0.924,10.2,0.1,0.924,18618.96805715561
7,size_7_size_7_NN_11_epoch_178,153,proportional,cuda,0.00025,Adam,459000,0.1,1000,71.0,0.996,0.9299999999999999,10.1,0.1,0.929,18740.54417681694
7,size_7_size_7_NN_11_epoch_178,154,proportional,cuda,0.00025,Adam,462000,0.1,1000,96.0,0.994,0.904,10.2,0.1,0.904,18861.00347304344
7,size_7_size_7_NN_11_epoch_178,155,proportional,cuda,0.00025,Adam,465000,0.1,1000,102.0,0.996,0.898,10.3,0.1,0.898,18982.409787416458
7,size_7_size_7_NN_11_epoch_178,156,proportional,cuda,0.00025,Adam,468000,0.1,1000,81.0,0.987,0.921,10.3,0.1,0.919,19102.35851430893
7,size_7_size_7_NN_11_epoch_178,157,proportional,cuda,0.00025,Adam,471000,0.1,1000,73.0,0.994,0.927,10.1,0.1,0.927,19223.255326986313
7,size_7_size_7_NN_11_epoch_178,158,proportional,cuda,0.00025,Adam,474000,0.1,1000,75.0,0.996,0.925,10.1,0.1,0.925,19344.683623313904
7,size_7_size_7_NN_11_epoch_178,159,proportional,cuda,0.00025,Adam,477000,0.1,1000,71.0,0.995,0.9299999999999999,10.1,0.1,0.929,19465.808329105377
7,size_7_size_7_NN_11_epoch_178,160,proportional,cuda,0.00025,Adam,480000,0.1,1000,98.0,0.994,0.903,10.2,0.1,0.902,19587.81315612793
7,size_7_size_7_NN_11_epoch_178,161,proportional,cuda,0.00025,Adam,483000,0.1,1000,92.0,0.989,0.91,10.4,0.1,0.908,19710.588384628296
7,size_7_size_7_NN_11_epoch_178,162,proportional,cuda,0.00025,Adam,486000,0.1,1000,77.0,0.999,0.923,10.1,0.1,0.923,19832.723590135574
7,size_7_size_7_NN_11_epoch_178,163,proportional,cuda,0.00025,Adam,489000,0.1,1000,75.0,0.992,0.926,10.2,0.1,0.925,19955.71790957451
7,size_7_size_7_NN_11_epoch_178,164,proportional,cuda,0.00025,Adam,492000,0.1,1000,79.0,0.997,0.921,10.0,0.1,0.921,20078.684129714966
7,size_7_size_7_NN_11_epoch_178,165,proportional,cuda,0.00025,Adam,495000,0.1,1000,82.0,0.989,0.918,10.3,0.1,0.918,20202.67464876175
7,size_7_size_7_NN_11_epoch_178,166,proportional,cuda,0.00025,Adam,498000,0.1,1000,103.0,0.993,0.899,10.4,0.1,0.897,20323.57921051979
7,size_7_size_7_NN_11_epoch_178,167,proportional,cuda,0.00025,Adam,501000,0.1,1000,88.0,0.991,0.913,10.3,0.1,0.912,20445.023672819138
7,size_7_size_7_NN_11_epoch_178,168,proportional,cuda,0.00025,Adam,504000,0.1,1000,74.0,0.995,0.927,9.9,0.1,0.926,20564.633564949036
7,size_7_size_7_NN_11_epoch_178,169,proportional,cuda,0.00025,Adam,507000,0.1,1000,90.0,0.992,0.91,10.3,0.1,0.91,20688.895081281662
7,size_7_size_7_NN_11_epoch_178,170,proportional,cuda,0.00025,Adam,510000,0.1,1000,70.0,0.994,0.9319999999999999,10.1,0.1,0.93,20810.761100530624
7,size_7_size_7_NN_11_epoch_178,171,proportional,cuda,0.00025,Adam,513000,0.1,1000,95.0,0.987,0.906,10.4,0.1,0.905,20931.654027700424
7,size_7_size_7_NN_11_epoch_178,172,proportional,cuda,0.00025,Adam,516000,0.1,1000,103.0,0.981,0.899,10.9,0.1,0.897,21055.022483110428
7,size_7_size_7_NN_11_epoch_178,173,proportional,cuda,0.00025,Adam,519000,0.1,1000,97.0,0.985,0.904,10.5,0.1,0.903,21175.222765684128
7,size_7_size_7_NN_11_epoch_178,174,proportional,cuda,0.00025,Adam,522000,0.1,1000,115.0,0.986,0.888,10.5,0.1,0.885,21297.399664402008
7,size_7_size_7_NN_11_epoch_178,175,proportional,cuda,0.00025,Adam,525000,0.1,1000,92.0,0.98,0.913,10.7,0.1,0.908,21419.086453676224
7,size_7_size_7_NN_11_epoch_178,176,proportional,cuda,0.00025,Adam,528000,0.1,1000,77.0,0.995,0.924,10.2,0.1,0.923,21542.921236276627
7,size_7_size_7_NN_11_epoch_178,177,proportional,cuda,0.00025,Adam,531000,0.1,1000,86.0,0.998,0.914,10.1,0.1,0.914,21664.705978631973
7,size_7_size_7_NN_11_epoch_178,178,proportional,cuda,0.00025,Adam,534000,0.1,1000,79.0,0.991,0.921,10.3,0.1,0.921,21785.40096306801
7,size_7_size_7_NN_11_epoch_178,179,proportional,cuda,0.00025,Adam,537000,0.1,1000,87.0,0.997,0.914,9.8,0.1,0.913,21905.75075316429
7,size_7_size_7_NN_11_epoch_178,180,proportional,cuda,0.00025,Adam,540000,0.1,1000,80.0,0.99,0.92,10.4,0.1,0.92,22026.77984881401
7,size_7_size_7_NN_11_epoch_178,181,proportional,cuda,0.00025,Adam,543000,0.1,1000,91.0,0.992,0.909,10.3,0.1,0.909,22150.24455022812
7,size_7_size_7_NN_11_epoch_178,182,proportional,cuda,0.00025,Adam,546000,0.1,1000,76.0,0.991,0.924,10.1,0.1,0.924,22273.851877212524
7,size_7_size_7_NN_11_epoch_178,183,proportional,cuda,0.00025,Adam,549000,0.1,1000,82.0,0.991,0.918,10.1,0.1,0.918,22396.29411315918
7,size_7_size_7_NN_11_epoch_178,184,proportional,cuda,0.00025,Adam,552000,0.1,1000,90.0,0.995,0.91,10.1,0.1,0.91,22517.41744208336
7,size_7_size_7_NN_11_epoch_178,185,proportional,cuda,0.00025,Adam,555000,0.1,1000,87.0,0.986,0.914,10.4,0.1,0.913,22641.289915323257
7,size_7_size_7_NN_11_epoch_178,186,proportional,cuda,0.00025,Adam,558000,0.1,1000,93.0,0.99,0.91,10.6,0.1,0.907,22763.75829553604
7,size_7_size_7_NN_11_epoch_178,187,proportional,cuda,0.00025,Adam,561000,0.1,1000,96.0,0.993,0.904,10.4,0.1,0.904,22887.389080286026
7,size_7_size_7_NN_11_epoch_178,188,proportional,cuda,0.00025,Adam,564000,0.1,1000,99.0,0.995,0.901,10.3,0.1,0.901,23010.010848999023
7,size_7_size_7_NN_11_epoch_178,189,proportional,cuda,0.00025,Adam,567000,0.1,1000,84.0,0.995,0.916,10.1,0.1,0.916,23132.580876111984
7,size_7_size_7_NN_11_epoch_178,190,proportional,cuda,0.00025,Adam,570000,0.1,1000,117.0,0.991,0.884,10.5,0.1,0.883,23253.351405858994
7,size_7_size_7_NN_11_epoch_178,191,proportional,cuda,0.00025,Adam,573000,0.1,1000,89.0,0.993,0.912,10.3,0.1,0.911,23375.151000738144
7,size_7_size_7_NN_11_epoch_178,192,proportional,cuda,0.00025,Adam,576000,0.1,1000,83.0,0.994,0.917,10.3,0.1,0.917,23500.32444000244
7,size_7_size_7_NN_11_epoch_178,193,proportional,cuda,0.00025,Adam,579000,0.1,1000,80.0,0.999,0.92,9.9,0.1,0.92,23622.736382484436
7,size_7_size_7_NN_11_epoch_178,194,proportional,cuda,0.00025,Adam,582000,0.1,1000,94.0,0.997,0.906,10.2,0.1,0.906,23746.27915239334
7,size_7_size_7_NN_11_epoch_178,195,proportional,cuda,0.00025,Adam,585000,0.1,1000,82.0,0.996,0.918,10.1,0.1,0.918,23869.831726551056
7,size_7_size_7_NN_11_epoch_178,196,proportional,cuda,0.00025,Adam,588000,0.1,1000,105.0,0.983,0.896,10.8,0.1,0.895,23990.836870908737
7,size_7_size_7_NN_11_epoch_178,197,proportional,cuda,0.00025,Adam,591000,0.1,1000,79.0,0.997,0.921,10.1,0.1,0.921,24111.65179014206
7,size_7_size_7_NN_11_epoch_178,198,proportional,cuda,0.00025,Adam,594000,0.1,1000,71.0,0.991,0.933,10.3,0.1,0.929,24233.271567106247
7,size_7_size_7_NN_11_epoch_178,199,proportional,cuda,0.00025,Adam,597000,0.1,1000,81.0,0.995,0.919,10.2,0.1,0.919,24358.22039270401
7,size_7_size_7_NN_11_epoch_178,200,proportional,cuda,0.00025,Adam,600000,0.1,1000,102.0,0.998,0.898,10.3,0.1,0.898,24480.85068511963
7,size_7_size_7_NN_11_epoch_178,201,proportional,cuda,0.00025,Adam,603000,0.1,1000,96.0,0.985,0.905,10.6,0.1,0.904,24605.985219955444
7,size_7_size_7_NN_11_epoch_178,202,proportional,cuda,0.00025,Adam,606000,0.1,1000,104.0,0.997,0.896,10.2,0.1,0.896,24728.561500310898
7,size_7_size_7_NN_11_epoch_178,203,proportional,cuda,0.00025,Adam,609000,0.1,1000,86.0,0.988,0.916,10.4,0.1,0.914,24851.65859270096
7,size_7_size_7_NN_11_epoch_178,204,proportional,cuda,0.00025,Adam,612000,0.1,1000,80.0,0.995,0.92,10.2,0.1,0.92,24973.398650169373
7,size_7_size_7_NN_11_epoch_178,205,proportional,cuda,0.00025,Adam,615000,0.1,1000,66.0,0.995,0.9339999999999999,10.1,0.1,0.934,25098.004119873047
7,size_7_size_7_NN_11_epoch_178,206,proportional,cuda,0.00025,Adam,618000,0.1,1000,108.0,0.995,0.892,10.2,0.1,0.892,25219.76254272461
7,size_7_size_7_NN_11_epoch_178,207,proportional,cuda,0.00025,Adam,621000,0.1,1000,97.0,0.991,0.904,10.4,0.1,0.903,25341.69950556755
7,size_7_size_7_NN_11_epoch_178,208,proportional,cuda,0.00025,Adam,624000,0.1,1000,94.0,0.982,0.906,10.7,0.1,0.906,25466.068570137024
7,size_7_size_7_NN_11_epoch_178,209,proportional,cuda,0.00025,Adam,627000,0.1,1000,90.0,0.997,0.91,10.1,0.1,0.91,25588.689261436462
7,size_7_size_7_NN_11_epoch_178,210,proportional,cuda,0.00025,Adam,630000,0.1,1000,83.0,0.999,0.917,10.0,0.1,0.917,25710.836230278015
7,size_7_size_7_NN_11_epoch_178,211,proportional,cuda,0.00025,Adam,633000,0.1,1000,81.0,0.996,0.92,10.1,0.1,0.919,25832.759686231613
7,size_7_size_7_NN_11_epoch_178,212,proportional,cuda,0.00025,Adam,636000,0.1,1000,86.0,0.993,0.914,10.3,0.1,0.914,25958.60093975067
7,size_7_size_7_NN_11_epoch_178,213,proportional,cuda,0.00025,Adam,639000,0.1,1000,74.0,0.999,0.926,10.0,0.1,0.926,26080.37663245201
7,size_7_size_7_NN_11_epoch_178,214,proportional,cuda,0.00025,Adam,642000,0.1,1000,83.0,0.995,0.917,10.2,0.1,0.917,26202.869023799896
7,size_7_size_7_NN_11_epoch_178,215,proportional,cuda,0.00025,Adam,645000,0.1,1000,101.0,0.999,0.899,10.2,0.1,0.899,26325.227496623993
7,size_7_size_7_NN_11_epoch_178,216,proportional,cuda,0.00025,Adam,648000,0.1,1000,84.0,0.989,0.916,10.4,0.1,0.916,26446.88605260849
7,size_7_size_7_NN_11_epoch_178,217,proportional,cuda,0.00025,Adam,651000,0.1,1000,83.0,0.989,0.918,10.4,0.1,0.917,26571.30676651001
7,size_7_size_7_NN_11_epoch_178,218,proportional,cuda,0.00025,Adam,654000,0.1,1000,99.0,0.987,0.906,10.5,0.1,0.901,26695.559722661972
7,size_7_size_7_NN_11_epoch_178,219,proportional,cuda,0.00025,Adam,657000,0.1,1000,77.0,0.997,0.923,10.0,0.1,0.923,26816.87155866623
7,size_7_size_7_NN_11_epoch_178,220,proportional,cuda,0.00025,Adam,660000,0.1,1000,99.0,0.994,0.901,10.3,0.1,0.901,26938.020226955414
7,size_7_size_7_NN_11_epoch_178,221,proportional,cuda,0.00025,Adam,663000,0.1,1000,87.0,0.997,0.913,10.3,0.1,0.913,27062.564054489136
7,size_7_size_7_NN_11_epoch_178,222,proportional,cuda,0.00025,Adam,666000,0.1,1000,107.0,0.985,0.895,10.7,0.1,0.893,27184.18844795227
7,size_7_size_7_NN_11_epoch_178,223,proportional,cuda,0.00025,Adam,669000,0.1,1000,95.0,0.995,0.905,10.0,0.1,0.905,27307.673657894135
7,size_7_size_7_NN_11_epoch_178,224,proportional,cuda,0.00025,Adam,672000,0.1,1000,84.0,0.993,0.916,10.2,0.1,0.916,27430.03835916519
7,size_7_size_7_NN_11_epoch_178,225,proportional,cuda,0.00025,Adam,675000,0.1,1000,73.0,0.994,0.927,10.1,0.1,0.927,27554.898569345474
7,size_7_size_7_NN_11_epoch_178,226,proportional,cuda,0.00025,Adam,678000,0.1,1000,87.0,0.995,0.913,10.2,0.1,0.913,27677.4829082489
7,size_7_size_7_NN_11_epoch_178,227,proportional,cuda,0.00025,Adam,681000,0.1,1000,108.0,0.994,0.892,10.4,0.1,0.892,27799.789319992065
7,size_7_size_7_NN_11_epoch_178,228,proportional,cuda,0.00025,Adam,684000,0.1,1000,80.0,0.992,0.921,10.3,0.1,0.92,27923.91075372696
7,size_7_size_7_NN_11_epoch_178,229,proportional,cuda,0.00025,Adam,687000,0.1,1000,97.0,0.982,0.905,10.7,0.1,0.903,28049.078295469284
7,size_7_size_7_NN_11_epoch_178,230,proportional,cuda,0.00025,Adam,690000,0.1,1000,86.0,0.996,0.914,10.0,0.1,0.914,28173.423597574234
7,size_7_size_7_NN_11_epoch_178,231,proportional,cuda,0.00025,Adam,693000,0.1,1000,83.0,0.994,0.917,10.1,0.1,0.917,28295.368690252304
7,size_7_size_7_NN_11_epoch_178,232,proportional,cuda,0.00025,Adam,696000,0.1,1000,96.0,0.993,0.904,10.3,0.1,0.904,28417.624524354935
7,size_7_size_7_NN_11_epoch_178,233,proportional,cuda,0.00025,Adam,699000,0.1,1000,87.0,0.998,0.913,10.0,0.1,0.913,28540.50167965889
7,size_7_size_7_NN_11_epoch_178,234,proportional,cuda,0.00025,Adam,702000,0.1,1000,82.0,0.988,0.919,10.5,0.1,0.918,28663.292345046997
7,size_7_size_7_NN_11_epoch_178,235,proportional,cuda,0.00025,Adam,705000,0.1,1000,94.0,0.989,0.907,10.3,0.1,0.906,28786.815834760666
7,size_7_size_7_NN_11_epoch_178,236,proportional,cuda,0.00025,Adam,708000,0.1,1000,91.0,0.995,0.909,10.3,0.1,0.909,28909.4734749794
7,size_7_size_7_NN_11_epoch_178,237,proportional,cuda,0.00025,Adam,711000,0.1,1000,105.0,0.995,0.895,10.2,0.1,0.895,29030.873008728027
7,size_7_size_7_NN_11_epoch_178,238,proportional,cuda,0.00025,Adam,714000,0.1,1000,82.0,0.996,0.919,10.1,0.1,0.918,29156.011806964874
7,size_7_size_7_NN_11_epoch_178,239,proportional,cuda,0.00025,Adam,717000,0.1,1000,105.0,0.987,0.895,10.6,0.1,0.895,29276.0117688179
7,size_7_size_7_NN_11_epoch_178,240,proportional,cuda,0.00025,Adam,720000,0.1,1000,86.0,0.992,0.917,10.3,0.1,0.914,29398.536603927612
7,size_7_size_7_NN_11_epoch_178,241,proportional,cuda,0.00025,Adam,723000,0.1,1000,91.0,0.998,0.909,10.3,0.1,0.909,29523.37537431717
7,size_7_size_7_NN_11_epoch_178,242,proportional,cuda,0.00025,Adam,726000,0.1,1000,100.0,0.994,0.9,10.3,0.1,0.9,29645.98053765297
7,size_7_size_7_NN_11_epoch_178,243,proportional,cuda,0.00025,Adam,729000,0.1,1000,84.0,0.997,0.917,9.9,0.1,0.916,29770.52552175522
7,size_7_size_7_NN_11_epoch_178,244,proportional,cuda,0.00025,Adam,732000,0.1,1000,101.0,0.996,0.899,10.2,0.1,0.899,29892.291091918945
7,size_7_size_7_NN_11_epoch_178,245,proportional,cuda,0.00025,Adam,735000,0.1,1000,79.0,0.994,0.923,10.1,0.1,0.921,30014.42183470726
7,size_7_size_7_NN_11_epoch_178,246,proportional,cuda,0.00025,Adam,738000,0.1,1000,84.0,0.994,0.917,10.2,0.1,0.916,30136.99875473976
7,size_7_size_7_NN_11_epoch_178,247,proportional,cuda,0.00025,Adam,741000,0.1,1000,94.0,0.979,0.91,10.8,0.1,0.906,30259.982758760452
7,size_7_size_7_NN_11_epoch_178,248,proportional,cuda,0.00025,Adam,744000,0.1,1000,83.0,0.997,0.917,10.1,0.1,0.917,30384.831570148468
7,size_7_size_7_NN_11_epoch_178,249,proportional,cuda,0.00025,Adam,747000,0.1,1000,87.0,0.994,0.915,10.2,0.1,0.913,30509.642389535904
7,size_7_size_7_NN_11_epoch_178,250,proportional,cuda,0.00025,Adam,750000,0.1,1000,85.0,0.994,0.916,10.2,0.1,0.915,30632.539772748947
7,size_7_size_7_NN_11_epoch_178,251,proportional,cuda,0.00025,Adam,753000,0.1,1000,79.0,0.998,0.921,9.9,0.1,0.921,30754.595069408417
7,size_7_size_7_NN_11_epoch_178,252,proportional,cuda,0.00025,Adam,756000,0.1,1000,69.0,1.0,0.931,10.0,0.1,0.931,30877.57252550125
7,size_7_size_7_NN_11_epoch_178,253,proportional,cuda,0.00025,Adam,759000,0.1,1000,83.0,0.996,0.917,10.1,0.1,0.917,30998.85423374176
7,size_7_size_7_NN_11_epoch_178,254,proportional,cuda,0.00025,Adam,762000,0.1,1000,98.0,0.986,0.903,10.2,0.1,0.902,31118.063591241837
7,size_7_size_7_NN_11_epoch_178,255,proportional,cuda,0.00025,Adam,765000,0.1,1000,84.0,0.997,0.916,10.0,0.1,0.916,31239.693157434464
7,size_7_size_7_NN_11_epoch_178,256,proportional,cuda,0.00025,Adam,768000,0.1,1000,79.0,0.999,0.921,10.0,0.1,0.921,31361.66690349579
7,size_7_size_7_NN_11_epoch_178,257,proportional,cuda,0.00025,Adam,771000,0.1,1000,95.0,0.991,0.905,10.5,0.1,0.905,31484.346950531006
7,size_7_size_7_NN_11_epoch_178,258,proportional,cuda,0.00025,Adam,774000,0.1,1000,87.0,0.99,0.918,10.2,0.1,0.913,31606.935819387436
7,size_7_size_7_NN_11_epoch_178,259,proportional,cuda,0.00025,Adam,777000,0.1,1000,98.0,0.986,0.903,10.5,0.1,0.902,31730.252242326736
7,size_7_size_7_NN_11_epoch_178,260,proportional,cuda,0.00025,Adam,780000,0.1,1000,95.0,0.994,0.905,10.4,0.1,0.905,31852.20471382141
7,size_7_size_7_NN_11_epoch_178,261,proportional,cuda,0.00025,Adam,783000,0.1,1000,93.0,0.99,0.908,10.4,0.1,0.907,31974.737513780594
7,size_7_size_7_NN_11_epoch_178,262,proportional,cuda,0.00025,Adam,786000,0.1,1000,83.0,0.997,0.918,9.9,0.1,0.917,32096.948655366898
7,size_7_size_7_NN_11_epoch_178,263,proportional,cuda,0.00025,Adam,789000,0.1,1000,95.0,0.992,0.908,10.1,0.1,0.905,32219.0280418396
7,size_7_size_7_NN_11_epoch_178,264,proportional,cuda,0.00025,Adam,792000,0.1,1000,86.0,0.998,0.914,10.1,0.1,0.914,32341.517251491547
7,size_7_size_7_NN_11_epoch_178,265,proportional,cuda,0.00025,Adam,795000,0.1,1000,77.0,0.99,0.924,10.4,0.1,0.923,32464.17117023468
7,size_7_size_7_NN_11_epoch_178,266,proportional,cuda,0.00025,Adam,798000,0.1,1000,79.0,0.994,0.921,10.2,0.1,0.921,32588.77830028534
7,size_7_size_7_NN_11_epoch_178,267,proportional,cuda,0.00025,Adam,801000,0.1,1000,93.0,0.995,0.908,10.1,0.1,0.907,32714.387056350708
7,size_7_size_7_NN_11_epoch_178,268,proportional,cuda,0.00025,Adam,804000,0.1,1000,85.0,0.994,0.915,10.3,0.1,0.915,32835.75568699837
7,size_7_size_7_NN_11_epoch_178,269,proportional,cuda,0.00025,Adam,807000,0.1,1000,83.0,0.996,0.918,10.1,0.1,0.917,32958.28065156937
7,size_7_size_7_NN_11_epoch_178,270,proportional,cuda,0.00025,Adam,810000,0.1,1000,95.0,0.992,0.905,10.5,0.1,0.905,33080.576412439346
7,size_7_size_7_NN_11_epoch_178,271,proportional,cuda,0.00025,Adam,813000,0.1,1000,81.0,0.996,0.919,10.1,0.1,0.919,33205.14918708801
7,size_7_size_7_NN_11_epoch_178,272,proportional,cuda,0.00025,Adam,816000,0.1,1000,96.0,0.992,0.906,10.3,0.1,0.904,33330.083016872406
7,size_7_size_7_NN_11_epoch_178,273,proportional,cuda,0.00025,Adam,819000,0.1,1000,90.0,0.998,0.91,10.0,0.1,0.91,33454.75469374657
7,size_7_size_7_NN_11_epoch_178,274,proportional,cuda,0.00025,Adam,822000,0.1,1000,90.0,0.994,0.91,10.3,0.1,0.91,33576.92509460449
7,size_7_size_7_NN_11_epoch_178,275,proportional,cuda,0.00025,Adam,825000,0.1,1000,73.0,0.999,0.927,10.1,0.1,0.927,33699.79062461853
7,size_7_size_7_NN_11_epoch_178,276,proportional,cuda,0.00025,Adam,828000,0.1,1000,86.0,1.0,0.914,10.1,0.1,0.914,33821.68523311615
7,size_7_size_7_NN_11_epoch_178,277,proportional,cuda,0.00025,Adam,831000,0.1,1000,90.0,0.99,0.914,10.4,0.1,0.91,33943.30441069603
7,size_7_size_7_NN_11_epoch_178,278,proportional,cuda,0.00025,Adam,834000,0.1,1000,78.0,0.994,0.922,10.2,0.1,0.922,34067.25915956497
7,size_7_size_7_NN_11_epoch_178,279,proportional,cuda,0.00025,Adam,837000,0.1,1000,95.0,0.99,0.906,10.4,0.1,0.905,34188.02435064316
7,size_7_size_7_NN_11_epoch_178,280,proportional,cuda,0.00025,Adam,840000,0.1,1000,78.0,0.997,0.922,10.1,0.1,0.922,34309.72897863388
7,size_7_size_7_NN_11_epoch_178,281,proportional,cuda,0.00025,Adam,843000,0.1,1000,97.0,0.996,0.903,10.3,0.1,0.903,34430.178418159485
7,size_7_size_7_NN_11_epoch_178,282,proportional,cuda,0.00025,Adam,846000,0.1,1000,98.0,0.991,0.903,10.2,0.1,0.902,34553.37838053703
7,size_7_size_7_NN_11_epoch_178,283,proportional,cuda,0.00025,Adam,849000,0.1,1000,116.0,0.99,0.888,10.5,0.1,0.884,34674.91000890732
