# system_size, network_name, epoch, replay_memory, device, learning_rate, optimizer, total_training_steps, prediction_list_p_error, number_of_predictions, number_of_failed_syndroms, error_corrected_list, ground_state_list, average_number_of_steps_list, p_error_train, win_rate, training_time
0.0,0.0,0.0,0.0,0.0,0.0,0.0,0.0,0.0,0.0,0.0,0.0,0.0,0.0,0.0,0.0,0.0
9,size_9_NN_11,1,proportional,cuda,0.00025,Adam,3000,0.01,1000,300.0,0.7,0.735,15.9,0.01,0.7,127.57559657096863
9,size_9_NN_11,2,proportional,cuda,0.00025,Adam,6000,0.01,1000,57.0,0.943,0.949,4.3,0.01,0.943,258.8380868434906
9,size_9_NN_11,3,proportional,cuda,0.00025,Adam,9000,0.01,1000,24.0,0.976,0.977,2.8,0.01,0.976,400.0175187587738
9,size_9_NN_11,4,proportional,cuda,0.00025,Adam,12000,0.02,1000,30.0,0.97,0.973,4.7,0.02,0.97,532.1180067062378
9,size_9_NN_11,5,proportional,cuda,0.00025,Adam,15000,0.03,1000,284.0,0.716,0.746,17.3,0.03,0.716,658.9695262908936
9,size_9_NN_11,6,proportional,cuda,0.00025,Adam,18000,0.03,1000,115.0,0.885,0.891,9.9,0.03,0.885,787.5805978775024
9,size_9_NN_11,7,proportional,cuda,0.00025,Adam,21000,0.03,1000,60.0,0.94,0.945,7.6,0.03,0.94,918.2202587127686
9,size_9_NN_11,8,proportional,cuda,0.00025,Adam,24000,0.03,1000,21.0,0.979,0.98,5.9,0.03,0.979,1051.4726676940918
9,size_9_NN_11,9,proportional,cuda,0.00025,Adam,27000,0.04,1000,65.0,0.936,0.9390000000000001,9.4,0.04,0.935,1177.7552616596222
9,size_9_NN_11,10,proportional,cuda,0.00025,Adam,30000,0.04,1000,48.0,0.953,0.954,8.7,0.04,0.952,1306.9527871608734
9,size_9_NN_11,11,proportional,cuda,0.00025,Adam,33000,0.05,1000,59.0,0.945,0.945,10.7,0.05,0.941,1432.347640991211
9,size_9_NN_11,12,proportional,cuda,0.00025,Adam,36000,0.05,1000,48.0,0.957,0.961,10.2,0.05,0.952,1560.1215376853943
9,size_9_NN_11,13,proportional,cuda,0.00025,Adam,39000,0.060000000000000005,1000,56.0,0.955,0.947,12.0,0.060000000000000005,0.944,1687.8422372341156
9,size_9_NN_11,14,proportional,cuda,0.00025,Adam,42000,0.060000000000000005,1000,47.0,0.957,0.957,11.6,0.060000000000000005,0.953,1815.426120519638
9,size_9_NN_11,15,proportional,cuda,0.00025,Adam,45000,0.07,1000,76.0,0.945,0.9299999999999999,13.9,0.07,0.924,1941.9621567726135
9,size_9_NN_11,16,proportional,cuda,0.00025,Adam,48000,0.07,1000,89.0,0.926,0.917,14.5,0.07,0.911,2065.4750995635986
9,size_9_NN_11,17,proportional,cuda,0.00025,Adam,51000,0.07,1000,80.0,0.932,0.926,14.4,0.07,0.92,2192.5819730758667
9,size_9_NN_11,18,proportional,cuda,0.00025,Adam,54000,0.07,1000,81.0,0.932,0.926,14.6,0.07,0.919,2318.4710988998413
9,size_9_NN_11,19,proportional,cuda,0.00025,Adam,57000,0.07,1000,56.0,0.952,0.946,13.3,0.07,0.944,2447.0778884887695
9,size_9_NN_11,20,proportional,cuda,0.00025,Adam,60000,0.07,1000,91.0,0.916,0.914,15.0,0.07,0.909,2574.8829708099365
9,size_9_NN_11,21,proportional,cuda,0.00025,Adam,63000,0.07,1000,32.0,0.985,0.97,12.6,0.07,0.968,2703.1358091831207
9,size_9_NN_11,22,proportional,cuda,0.00025,Adam,66000,0.08,1000,120.0,0.896,0.887,17.3,0.08,0.88,2830.5508229732513
9,size_9_NN_11,23,proportional,cuda,0.00025,Adam,69000,0.08,1000,53.0,0.968,0.948,14.6,0.08,0.947,2957.274058818817
9,size_9_NN_11,24,proportional,cuda,0.00025,Adam,72000,0.08,1000,60.0,0.966,0.943,14.5,0.08,0.94,3085.444888353348
9,size_9_NN_11,25,proportional,cuda,0.00025,Adam,75000,0.08,1000,50.0,0.972,0.952,14.4,0.08,0.95,3211.909886598587
9,size_9_NN_11,26,proportional,cuda,0.00025,Adam,78000,0.08,1000,94.0,0.924,0.914,16.2,0.08,0.906,3338.4149553775787
9,size_9_NN_11,27,proportional,cuda,0.00025,Adam,81000,0.08,1000,88.0,0.936,0.92,15.9,0.08,0.912,3464.0803697109222
9,size_9_NN_11,28,proportional,cuda,0.00025,Adam,84000,0.08,1000,61.0,0.96,0.948,14.8,0.08,0.939,3591.1190853118896
9,size_9_NN_11,29,proportional,cuda,0.00025,Adam,87000,0.08,1000,66.0,0.945,0.9390000000000001,15.0,0.08,0.934,3720.666190624237
9,size_9_NN_11,30,proportional,cuda,0.00025,Adam,90000,0.08,1000,40.0,0.988,0.96,14.1,0.08,0.96,3847.853347301483
9,size_9_NN_11,31,proportional,cuda,0.00025,Adam,93000,0.09,1000,94.0,0.955,0.913,16.6,0.09,0.906,3976.0322411060333
9,size_9_NN_11,32,proportional,cuda,0.00025,Adam,96000,0.09,1000,72.0,0.952,0.9319999999999999,16.6,0.09,0.928,4102.165522575378
9,size_9_NN_11,33,proportional,cuda,0.00025,Adam,99000,0.09,1000,101.0,0.936,0.903,17.0,0.09,0.899,4231.352375745773
9,size_9_NN_11,34,proportional,cuda,0.00025,Adam,102000,0.09,1000,88.0,0.962,0.915,16.3,0.09,0.912,4358.050210952759
9,size_9_NN_11,35,proportional,cuda,0.00025,Adam,105000,0.09,1000,90.0,0.948,0.914,16.9,0.09,0.91,4486.166405677795
9,size_9_NN_11,36,proportional,cuda,0.00025,Adam,108000,0.09,1000,84.0,0.965,0.919,16.3,0.09,0.916,4616.309506177902
9,size_9_NN_11,37,proportional,cuda,0.00025,Adam,111000,0.09,1000,95.0,0.934,0.915,17.2,0.09,0.905,4744.118777036667
9,size_9_NN_11,38,proportional,cuda,0.00025,Adam,114000,0.09,1000,76.0,0.955,0.931,16.5,0.09,0.924,4871.238056182861
9,size_9_NN_11,39,proportional,cuda,0.00025,Adam,117000,0.09,1000,55.0,0.981,0.946,16.0,0.09,0.945,4999.578914403915
9,size_9_NN_11,40,proportional,cuda,0.00025,Adam,120000,0.09,1000,84.0,0.956,0.92,16.5,0.09,0.916,5127.137500047684
9,size_9_NN_11,41,proportional,cuda,0.00025,Adam,123000,0.09,1000,77.0,0.969,0.928,16.3,0.09,0.923,5255.918490409851
9,size_9_NN_11,42,proportional,cuda,0.00025,Adam,126000,0.09,1000,68.0,0.969,0.935,16.3,0.09,0.932,5386.015994310379
9,size_9_NN_11,43,proportional,cuda,0.00025,Adam,129000,0.09,1000,89.0,0.949,0.918,16.8,0.09,0.911,5515.013877630234
9,size_9_NN_11,44,proportional,cuda,0.00025,Adam,132000,0.09,1000,84.0,0.96,0.92,16.5,0.09,0.916,5641.235846996307
9,size_9_NN_11,45,proportional,cuda,0.00025,Adam,135000,0.09,1000,107.0,0.929,0.897,17.3,0.09,0.893,5771.7816417217255
9,size_9_NN_11,46,proportional,cuda,0.00025,Adam,138000,0.09,1000,102.0,0.932,0.906,17.7,0.09,0.898,5900.078368425369
9,size_9_NN_11,47,proportional,cuda,0.00025,Adam,141000,0.09,1000,66.0,0.974,0.9359999999999999,15.9,0.09,0.934,6028.667411565781
9,size_9_NN_11,48,proportional,cuda,0.00025,Adam,144000,0.09,1000,97.0,0.944,0.908,17.0,0.09,0.903,6158.901163101196
9,size_9_NN_11,49,proportional,cuda,0.00025,Adam,147000,0.09,1000,76.0,0.967,0.926,16.1,0.09,0.924,6288.054221391678
9,size_9_NN_11,50,proportional,cuda,0.00025,Adam,150000,0.09,1000,82.0,0.965,0.921,16.1,0.09,0.918,6412.678958654404
9,size_9_NN_11,51,proportional,cuda,0.00025,Adam,153000,0.09,1000,57.0,0.986,0.944,15.3,0.09,0.943,6542.02957701683
9,size_9_NN_11,52,proportional,cuda,0.00025,Adam,156000,0.09,1000,66.0,0.964,0.938,16.2,0.09,0.934,6666.648257255554
9,size_9_NN_11,53,proportional,cuda,0.00025,Adam,159000,0.09,1000,78.0,0.96,0.927,16.4,0.09,0.922,6794.148143768311
9,size_9_NN_11,54,proportional,cuda,0.00025,Adam,162000,0.09,1000,92.0,0.937,0.916,17.2,0.09,0.908,6921.129978656769
9,size_9_NN_11,55,proportional,cuda,0.00025,Adam,165000,0.09,1000,110.0,0.936,0.894,17.4,0.09,0.89,7046.65313076973
9,size_9_NN_11,56,proportional,cuda,0.00025,Adam,168000,0.09,1000,95.0,0.935,0.908,17.2,0.09,0.905,7174.929152011871
9,size_9_NN_11,57,proportional,cuda,0.00025,Adam,171000,0.09,1000,109.0,0.915,0.898,17.7,0.09,0.891,7302.776704788208
9,size_9_NN_11,58,proportional,cuda,0.00025,Adam,174000,0.09,1000,89.0,0.954,0.916,16.6,0.09,0.911,7431.3330681324005
9,size_9_NN_11,59,proportional,cuda,0.00025,Adam,177000,0.09,1000,88.0,0.941,0.917,16.8,0.09,0.912,7560.597738742828
9,size_9_NN_11,60,proportional,cuda,0.00025,Adam,180000,0.09,1000,61.0,0.98,0.94,16.0,0.09,0.939,7691.806677818298
9,size_9_NN_11,61,proportional,cuda,0.00025,Adam,183000,0.09,1000,60.0,0.98,0.943,15.8,0.09,0.94,7819.27348947525
9,size_9_NN_11,62,proportional,cuda,0.00025,Adam,186000,0.09,1000,65.0,0.974,0.938,16.0,0.09,0.935,7948.207117557526
9,size_9_NN_11,63,proportional,cuda,0.00025,Adam,189000,0.09,1000,54.0,0.972,0.95,15.6,0.09,0.946,8077.412061691284
9,size_9_NN_11,64,proportional,cuda,0.00025,Adam,192000,0.09,1000,69.0,0.977,0.933,15.6,0.09,0.931,8205.116287946701
9,size_9_NN_11,65,proportional,cuda,0.00025,Adam,195000,0.09,1000,89.0,0.938,0.919,17.0,0.09,0.911,8335.301671028137
9,size_9_NN_11,66,proportional,cuda,0.00025,Adam,198000,0.09,1000,59.0,0.989,0.942,15.4,0.09,0.941,8464.077472686768
9,size_9_NN_11,67,proportional,cuda,0.00025,Adam,201000,0.09,1000,58.0,0.976,0.944,15.8,0.09,0.942,8592.440396308899
9,size_9_NN_11,68,proportional,cuda,0.00025,Adam,204000,0.09,1000,82.0,0.952,0.922,16.5,0.09,0.918,8720.50366616249
9,size_9_NN_11,69,proportional,cuda,0.00025,Adam,207000,0.09,1000,69.0,0.975,0.933,15.9,0.09,0.931,8850.027009248734
9,size_9_NN_11,70,proportional,cuda,0.00025,Adam,210000,0.09,1000,65.0,0.987,0.9359999999999999,15.4,0.09,0.935,8979.108370065689
9,size_9_NN_11,71,proportional,cuda,0.00025,Adam,213000,0.09,1000,87.0,0.965,0.917,16.3,0.09,0.913,9108.535565376282
9,size_9_NN_11,72,proportional,cuda,0.00025,Adam,216000,0.09,1000,61.0,0.98,0.9410000000000001,15.6,0.09,0.939,9237.203610181808
9,size_9_NN_11,73,proportional,cuda,0.00025,Adam,219000,0.09,1000,60.0,0.977,0.942,15.9,0.09,0.94,9365.956845283508
9,size_9_NN_11,74,proportional,cuda,0.00025,Adam,222000,0.09,1000,58.0,0.972,0.945,15.9,0.09,0.942,9495.338354825974
9,size_9_NN_11,75,proportional,cuda,0.00025,Adam,225000,0.09,1000,78.0,0.96,0.924,16.5,0.09,0.922,9625.05361866951
9,size_9_NN_11,76,proportional,cuda,0.00025,Adam,228000,0.09,1000,65.0,0.973,0.938,15.9,0.09,0.935,9754.553262710571
9,size_9_NN_11,77,proportional,cuda,0.00025,Adam,231000,0.09,1000,75.0,0.969,0.927,16.2,0.09,0.925,9884.731137990952
9,size_9_NN_11,78,proportional,cuda,0.00025,Adam,234000,0.09,1000,73.0,0.977,0.929,16.1,0.09,0.927,10014.88953590393
9,size_9_NN_11,79,proportional,cuda,0.00025,Adam,237000,0.09,1000,64.0,0.977,0.94,15.6,0.09,0.936,10142.818336486816
9,size_9_NN_11,80,proportional,cuda,0.00025,Adam,240000,0.09,1000,98.0,0.934,0.905,17.2,0.09,0.902,10268.824273824692
9,size_9_NN_11,81,proportional,cuda,0.00025,Adam,243000,0.09,1000,61.0,0.976,0.9410000000000001,15.7,0.09,0.939,10396.132672548294
9,size_9_NN_11,82,proportional,cuda,0.00025,Adam,246000,0.09,1000,52.0,0.978,0.951,15.5,0.09,0.948,10525.472056388855
9,size_9_NN_11,83,proportional,cuda,0.00025,Adam,249000,0.09,1000,72.0,0.983,0.9299999999999999,15.6,0.09,0.928,10654.101848840714
9,size_9_NN_11,84,proportional,cuda,0.00025,Adam,252000,0.09,1000,51.0,0.99,0.95,15.3,0.09,0.949,10782.989290237427
9,size_9_NN_11,85,proportional,cuda,0.00025,Adam,255000,0.09,1000,64.0,0.98,0.938,15.6,0.09,0.936,10912.08418893814
9,size_9_NN_11,86,proportional,cuda,0.00025,Adam,258000,0.09,1000,63.0,0.981,0.937,15.9,0.09,0.937,11040.442739725113
9,size_9_NN_11,87,proportional,cuda,0.00025,Adam,261000,0.09,1000,72.0,0.958,0.931,16.3,0.09,0.928,11168.967785835266
9,size_9_NN_11,88,proportional,cuda,0.00025,Adam,264000,0.09,1000,63.0,0.969,0.942,15.9,0.09,0.937,11298.98466873169
9,size_9_NN_11,89,proportional,cuda,0.00025,Adam,267000,0.09,1000,53.0,0.976,0.948,15.7,0.09,0.947,11428.071662187576
9,size_9_NN_11,90,proportional,cuda,0.00025,Adam,270000,0.09,1000,55.0,0.981,0.946,15.9,0.09,0.945,11557.727992296219
9,size_9_NN_11,91,proportional,cuda,0.00025,Adam,273000,0.09,1000,82.0,0.958,0.923,16.3,0.09,0.918,11686.301547288895
9,size_9_NN_11,92,proportional,cuda,0.00025,Adam,276000,0.09,1000,81.0,0.963,0.921,16.2,0.09,0.919,11815.044334173203
9,size_9_NN_11,93,proportional,cuda,0.00025,Adam,279000,0.09,1000,94.0,0.945,0.912,16.8,0.09,0.906,11945.33902001381
9,size_9_NN_11,94,proportional,cuda,0.00025,Adam,282000,0.09,1000,58.0,0.985,0.943,15.5,0.09,0.942,12075.471816062927
9,size_9_NN_11,95,proportional,cuda,0.00025,Adam,285000,0.09,1000,63.0,0.981,0.94,15.7,0.09,0.937,12206.1828789711
9,size_9_NN_11,96,proportional,cuda,0.00025,Adam,288000,0.09,1000,76.0,0.962,0.926,16.3,0.09,0.924,12335.654240369797
9,size_9_NN_11,97,proportional,cuda,0.00025,Adam,291000,0.09,1000,58.0,0.973,0.942,15.9,0.09,0.942,12464.930768013
9,size_9_NN_11,98,proportional,cuda,0.00025,Adam,294000,0.09,1000,72.0,0.96,0.928,16.1,0.09,0.928,12593.72877407074
9,size_9_NN_11,99,proportional,cuda,0.00025,Adam,297000,0.09,1000,63.0,0.978,0.938,15.7,0.09,0.937,12722.786193847656
9,size_9_NN_11,100,proportional,cuda,0.00025,Adam,300000,0.09,1000,58.0,0.976,0.947,15.7,0.09,0.942,12851.005897760391
9,size_9_NN_11,101,proportional,cuda,0.00025,Adam,303000,0.09,1000,62.0,0.974,0.9410000000000001,15.8,0.09,0.938,12979.61082649231
9,size_9_NN_11,102,proportional,cuda,0.00025,Adam,306000,0.09,1000,74.0,0.973,0.9299999999999999,15.8,0.09,0.926,13107.541768312454
9,size_9_NN_11,103,proportional,cuda,0.00025,Adam,309000,0.09,1000,88.0,0.943,0.915,16.9,0.09,0.912,13236.082488298416
9,size_9_NN_11,104,proportional,cuda,0.00025,Adam,312000,0.09,1000,80.0,0.958,0.923,16.4,0.09,0.92,13366.332202911377
9,size_9_NN_11,105,proportional,cuda,0.00025,Adam,315000,0.09,1000,65.0,0.976,0.937,15.8,0.09,0.935,13495.508806467056
9,size_9_NN_11,106,proportional,cuda,0.00025,Adam,318000,0.09,1000,69.0,0.98,0.9319999999999999,15.8,0.09,0.931,13623.388610839844
9,size_9_NN_11,107,proportional,cuda,0.00025,Adam,321000,0.09,1000,47.0,0.984,0.955,15.7,0.09,0.953,13753.658917188644
9,size_9_NN_11,108,proportional,cuda,0.00025,Adam,324000,0.09999999999999999,1000,97.0,0.975,0.903,17.5,0.09999999999999999,0.903,13884.681596040726
9,size_9_NN_11,109,proportional,cuda,0.00025,Adam,327000,0.09999999999999999,1000,101.0,0.951,0.902,18.2,0.09999999999999999,0.899,14012.143426418304
9,size_9_NN_11,110,proportional,cuda,0.00025,Adam,330000,0.09999999999999999,1000,107.0,0.971,0.896,17.8,0.09999999999999999,0.893,14143.174043893814
9,size_9_NN_11,111,proportional,cuda,0.00025,Adam,333000,0.09999999999999999,1000,104.0,0.96,0.898,18.0,0.09999999999999999,0.896,14275.25602555275
9,size_9_NN_11,112,proportional,cuda,0.00025,Adam,336000,0.09999999999999999,1000,108.0,0.947,0.896,18.5,0.09999999999999999,0.892,14404.989876508713
9,size_9_NN_11,113,proportional,cuda,0.00025,Adam,339000,0.09999999999999999,1000,104.0,0.957,0.898,18.2,0.09999999999999999,0.896,14534.907804965973
9,size_9_NN_11,114,proportional,cuda,0.00025,Adam,342000,0.09999999999999999,1000,115.0,0.961,0.888,18.3,0.09999999999999999,0.885,14665.175951242447
9,size_9_NN_11,115,proportional,cuda,0.00025,Adam,345000,0.09999999999999999,1000,110.0,0.964,0.893,18.0,0.09999999999999999,0.89,14796.565443515778
9,size_9_NN_11,116,proportional,cuda,0.00025,Adam,348000,0.09999999999999999,1000,120.0,0.926,0.887,19.2,0.09999999999999999,0.88,14928.24419593811
9,size_9_NN_11,117,proportional,cuda,0.00025,Adam,351000,0.09999999999999999,1000,100.0,0.97,0.904,17.9,0.09999999999999999,0.9,15059.618857383728
9,size_9_NN_11,118,proportional,cuda,0.00025,Adam,354000,0.09999999999999999,1000,84.0,0.966,0.916,17.7,0.09999999999999999,0.916,15190.822652578354
9,size_9_NN_11,119,proportional,cuda,0.00025,Adam,357000,0.09999999999999999,1000,114.0,0.947,0.892,18.5,0.09999999999999999,0.886,15319.945698022842
9,size_9_NN_11,120,proportional,cuda,0.00025,Adam,360000,0.09999999999999999,1000,123.0,0.95,0.881,18.4,0.09999999999999999,0.877,15451.766271829605
9,size_9_NN_11,121,proportional,cuda,0.00025,Adam,363000,0.09999999999999999,1000,87.0,0.985,0.913,17.3,0.09999999999999999,0.913,15583.684420347214
9,size_9_NN_11,122,proportional,cuda,0.00025,Adam,366000,0.09999999999999999,1000,112.0,0.948,0.901,18.5,0.09999999999999999,0.888,15712.102317810059
9,size_9_NN_11,123,proportional,cuda,0.00025,Adam,369000,0.09999999999999999,1000,95.0,0.959,0.914,18.0,0.09999999999999999,0.905,15841.804576396942
9,size_9_NN_11,124,proportional,cuda,0.00025,Adam,372000,0.09999999999999999,1000,83.0,0.976,0.917,17.6,0.09999999999999999,0.917,15972.56533241272
9,size_9_NN_11,125,proportional,cuda,0.00025,Adam,375000,0.09999999999999999,1000,107.0,0.973,0.894,17.7,0.09999999999999999,0.893,16101.205738306046
9,size_9_NN_11,126,proportional,cuda,0.00025,Adam,378000,0.09999999999999999,1000,94.0,0.956,0.912,18.1,0.09999999999999999,0.906,16230.774584770203
9,size_9_NN_11,127,proportional,cuda,0.00025,Adam,381000,0.09999999999999999,1000,117.0,0.936,0.889,18.5,0.09999999999999999,0.883,16361.686267375946
9,size_9_NN_11,128,proportional,cuda,0.00025,Adam,384000,0.09999999999999999,1000,118.0,0.937,0.889,18.7,0.09999999999999999,0.882,16489.430722475052
9,size_9_NN_11,129,proportional,cuda,0.00025,Adam,387000,0.09999999999999999,1000,116.0,0.947,0.887,18.3,0.09999999999999999,0.884,16620.166235923767
9,size_9_NN_11,130,proportional,cuda,0.00025,Adam,390000,0.09999999999999999,1000,121.0,0.937,0.881,18.7,0.09999999999999999,0.879,16752.106525421143
9,size_9_NN_11,131,proportional,cuda,0.00025,Adam,393000,0.09999999999999999,1000,106.0,0.946,0.9,18.5,0.09999999999999999,0.894,16882.174001693726
9,size_9_NN_11,132,proportional,cuda,0.00025,Adam,396000,0.09999999999999999,1000,109.0,0.951,0.896,18.4,0.09999999999999999,0.891,17012.812345266342
9,size_9_NN_11,133,proportional,cuda,0.00025,Adam,399000,0.09999999999999999,1000,94.0,0.965,0.91,17.7,0.09999999999999999,0.906,17143.499897003174
9,size_9_NN_11,134,proportional,cuda,0.00025,Adam,402000,0.09999999999999999,1000,95.0,0.959,0.909,18.1,0.09999999999999999,0.905,17270.239100456238
9,size_9_NN_11,135,proportional,cuda,0.00025,Adam,405000,0.09999999999999999,1000,125.0,0.949,0.876,18.6,0.09999999999999999,0.875,17400.735988616943
9,size_9_NN_11,136,proportional,cuda,0.00025,Adam,408000,0.09999999999999999,1000,91.0,0.958,0.909,18.1,0.09999999999999999,0.909,17531.68391227722
9,size_9_NN_11,137,proportional,cuda,0.00025,Adam,411000,0.09999999999999999,1000,86.0,0.963,0.922,17.8,0.09999999999999999,0.914,17659.44691991806
9,size_9_NN_11,138,proportional,cuda,0.00025,Adam,414000,0.09999999999999999,1000,83.0,0.974,0.919,17.3,0.09999999999999999,0.917,17788.931720256805
9,size_9_NN_11,139,proportional,cuda,0.00025,Adam,417000,0.09999999999999999,1000,127.0,0.956,0.878,18.5,0.09999999999999999,0.873,17920.413668632507
9,size_9_NN_11,140,proportional,cuda,0.00025,Adam,420000,0.09999999999999999,1000,109.0,0.973,0.892,17.8,0.09999999999999999,0.891,18050.752737522125
9,size_9_NN_11,141,proportional,cuda,0.00025,Adam,423000,0.09999999999999999,1000,107.0,0.967,0.897,17.9,0.09999999999999999,0.893,18181.654908180237
9,size_9_NN_11,142,proportional,cuda,0.00025,Adam,426000,0.09999999999999999,1000,73.0,0.979,0.931,17.2,0.09999999999999999,0.927,18313.928182840347
9,size_9_NN_11,143,proportional,cuda,0.00025,Adam,429000,0.09999999999999999,1000,105.0,0.953,0.899,18.4,0.09999999999999999,0.895,18443.436222314835
9,size_9_NN_11,144,proportional,cuda,0.00025,Adam,432000,0.09999999999999999,1000,112.0,0.937,0.89,18.6,0.09999999999999999,0.888,18573.271181106567
9,size_9_NN_11,145,proportional,cuda,0.00025,Adam,435000,0.09999999999999999,1000,113.0,0.955,0.887,18.2,0.09999999999999999,0.887,18704.02041721344
9,size_9_NN_11,146,proportional,cuda,0.00025,Adam,438000,0.09999999999999999,1000,104.0,0.97,0.899,17.9,0.09999999999999999,0.896,18833.221896648407
9,size_9_NN_11,147,proportional,cuda,0.00025,Adam,441000,0.09999999999999999,1000,106.0,0.951,0.9,18.2,0.09999999999999999,0.894,18964.591853380203
9,size_9_NN_11,148,proportional,cuda,0.00025,Adam,444000,0.09999999999999999,1000,101.0,0.956,0.905,18.1,0.09999999999999999,0.899,19093.426537513733
9,size_9_NN_11,149,proportional,cuda,0.00025,Adam,447000,0.09999999999999999,1000,95.0,0.966,0.907,17.8,0.09999999999999999,0.905,19225.30096101761
9,size_9_NN_11,150,proportional,cuda,0.00025,Adam,450000,0.09999999999999999,1000,111.0,0.951,0.893,18.4,0.09999999999999999,0.889,19356.061785936356
9,size_9_NN_11,151,proportional,cuda,0.00025,Adam,453000,0.09999999999999999,1000,99.0,0.974,0.903,17.5,0.09999999999999999,0.901,19483.878759384155
9,size_9_NN_11,152,proportional,cuda,0.00025,Adam,456000,0.09999999999999999,1000,106.0,0.954,0.899,18.2,0.09999999999999999,0.894,19613.09356212616
9,size_9_NN_11,153,proportional,cuda,0.00025,Adam,459000,0.09999999999999999,1000,111.0,0.961,0.893,18.0,0.09999999999999999,0.889,19742.33904838562
9,size_9_NN_11,154,proportional,cuda,0.00025,Adam,462000,0.09999999999999999,1000,102.0,0.961,0.902,18.0,0.09999999999999999,0.898,19873.278983831406
9,size_9_NN_11,155,proportional,cuda,0.00025,Adam,465000,0.09999999999999999,1000,111.0,0.956,0.893,18.3,0.09999999999999999,0.889,20003.055632591248
9,size_9_NN_11,156,proportional,cuda,0.00025,Adam,468000,0.09999999999999999,1000,89.0,0.954,0.913,18.2,0.09999999999999999,0.911,20132.717816352844
9,size_9_NN_11,157,proportional,cuda,0.00025,Adam,471000,0.09999999999999999,1000,108.0,0.95,0.895,18.2,0.09999999999999999,0.892,20264.8757956028
9,size_9_NN_11,158,proportional,cuda,0.00025,Adam,474000,0.09999999999999999,1000,115.0,0.957,0.89,18.2,0.09999999999999999,0.885,20396.6607067585
9,size_9_NN_11,159,proportional,cuda,0.00025,Adam,477000,0.09999999999999999,1000,105.0,0.95,0.898,18.1,0.09999999999999999,0.895,20527.04753136635
9,size_9_NN_11,160,proportional,cuda,0.00025,Adam,480000,0.09999999999999999,1000,106.0,0.962,0.9,18.0,0.09999999999999999,0.894,20656.573776483536
9,size_9_NN_11,161,proportional,cuda,0.00025,Adam,483000,0.09999999999999999,1000,97.0,0.953,0.908,18.0,0.09999999999999999,0.903,20786.51718711853
9,size_9_NN_11,162,proportional,cuda,0.00025,Adam,486000,0.09999999999999999,1000,102.0,0.957,0.903,18.3,0.09999999999999999,0.898,20918.480979919434
9,size_9_NN_11,163,proportional,cuda,0.00025,Adam,489000,0.09999999999999999,1000,106.0,0.96,0.899,18.1,0.09999999999999999,0.894,21050.348586559296
9,size_9_NN_11,164,proportional,cuda,0.00025,Adam,492000,0.09999999999999999,1000,84.0,0.971,0.92,17.6,0.09999999999999999,0.916,21180.389427900314
9,size_9_NN_11,165,proportional,cuda,0.00025,Adam,495000,0.09999999999999999,1000,98.0,0.971,0.904,17.6,0.09999999999999999,0.902,21311.637234210968
9,size_9_NN_11,166,proportional,cuda,0.00025,Adam,498000,0.09999999999999999,1000,92.0,0.966,0.91,17.8,0.09999999999999999,0.908,21441.83167529106
9,size_9_NN_11,167,proportional,cuda,0.00025,Adam,501000,0.09999999999999999,1000,87.0,0.976,0.915,17.5,0.09999999999999999,0.913,21570.700917720795
9,size_9_NN_11,168,proportional,cuda,0.00025,Adam,504000,0.09999999999999999,1000,113.0,0.972,0.892,17.8,0.09999999999999999,0.887,21701.38816857338
9,size_9_NN_11,169,proportional,cuda,0.00025,Adam,507000,0.09999999999999999,1000,100.0,0.944,0.905,18.5,0.09999999999999999,0.9,21830.882206201553
9,size_9_NN_11,170,proportional,cuda,0.00025,Adam,510000,0.09999999999999999,1000,99.0,0.956,0.904,18.2,0.09999999999999999,0.901,21960.256376743317
9,size_9_NN_11,171,proportional,cuda,0.00025,Adam,513000,0.09999999999999999,1000,104.0,0.975,0.899,17.7,0.09999999999999999,0.896,22091.685055732727
9,size_9_NN_11,172,proportional,cuda,0.00025,Adam,516000,0.09999999999999999,1000,91.0,0.978,0.913,17.5,0.09999999999999999,0.909,22223.455637454987
9,size_9_NN_11,173,proportional,cuda,0.00025,Adam,519000,0.09999999999999999,1000,108.0,0.945,0.894,18.3,0.09999999999999999,0.892,22351.729024410248
9,size_9_NN_11,174,proportional,cuda,0.00025,Adam,522000,0.09999999999999999,1000,100.0,0.951,0.905,18.2,0.09999999999999999,0.9,22482.754440307617
9,size_9_NN_11,175,proportional,cuda,0.00025,Adam,525000,0.09999999999999999,1000,114.0,0.957,0.888,18.0,0.09999999999999999,0.886,22613.82147717476
9,size_9_NN_11,176,proportional,cuda,0.00025,Adam,528000,0.09999999999999999,1000,132.0,0.923,0.874,19.2,0.09999999999999999,0.868,22743.804700374603
9,size_9_NN_11,177,proportional,cuda,0.00025,Adam,531000,0.09999999999999999,1000,136.0,0.92,0.871,19.5,0.09999999999999999,0.864,22875.127566576004
9,size_9_NN_11,178,proportional,cuda,0.00025,Adam,534000,0.09999999999999999,1000,99.0,0.959,0.901,17.9,0.09999999999999999,0.901,23006.429880857468
9,size_9_NN_11,179,proportional,cuda,0.00025,Adam,537000,0.09999999999999999,1000,112.0,0.944,0.895,18.7,0.09999999999999999,0.888,23138.771314382553
9,size_9_NN_11,180,proportional,cuda,0.00025,Adam,540000,0.09999999999999999,1000,117.0,0.949,0.887,18.5,0.09999999999999999,0.883,23268.189710617065
9,size_9_NN_11,181,proportional,cuda,0.00025,Adam,543000,0.09999999999999999,1000,110.0,0.946,0.892,18.4,0.09999999999999999,0.89,23399.05243587494
9,size_9_NN_11,182,proportional,cuda,0.00025,Adam,546000,0.09999999999999999,1000,92.0,0.974,0.91,17.8,0.09999999999999999,0.908,23529.549818754196
9,size_9_NN_11,183,proportional,cuda,0.00025,Adam,549000,0.09999999999999999,1000,100.0,0.972,0.902,17.8,0.09999999999999999,0.9,23660.624752044678
9,size_9_NN_11,184,proportional,cuda,0.00025,Adam,552000,0.09999999999999999,1000,88.0,0.966,0.917,17.7,0.09999999999999999,0.912,23790.752941846848
9,size_9_NN_11,185,proportional,cuda,0.00025,Adam,555000,0.09999999999999999,1000,91.0,0.97,0.91,17.4,0.09999999999999999,0.909,23921.997622728348
9,size_9_NN_11,186,proportional,cuda,0.00025,Adam,558000,0.09999999999999999,1000,86.0,0.963,0.916,17.9,0.09999999999999999,0.914,24052.551193237305
9,size_9_NN_11,187,proportional,cuda,0.00025,Adam,561000,0.09999999999999999,1000,102.0,0.968,0.902,18.0,0.09999999999999999,0.898,24180.864871025085
9,size_9_NN_11,188,proportional,cuda,0.00025,Adam,564000,0.09999999999999999,1000,111.0,0.942,0.895,18.6,0.09999999999999999,0.889,24309.89492225647
9,size_9_NN_11,189,proportional,cuda,0.00025,Adam,567000,0.09999999999999999,1000,101.0,0.951,0.904,18.0,0.09999999999999999,0.899,24439.61308312416
9,size_9_NN_11,190,proportional,cuda,0.00025,Adam,570000,0.09999999999999999,1000,104.0,0.953,0.899,18.0,0.09999999999999999,0.896,24569.3980383873
9,size_9_NN_11,191,proportional,cuda,0.00025,Adam,573000,0.09999999999999999,1000,110.0,0.947,0.895,18.4,0.09999999999999999,0.89,24698.114809036255
9,size_9_NN_11,192,proportional,cuda,0.00025,Adam,576000,0.09999999999999999,1000,99.0,0.957,0.904,18.1,0.09999999999999999,0.901,24829.54270219803
9,size_9_NN_11,193,proportional,cuda,0.00025,Adam,579000,0.09999999999999999,1000,89.0,0.976,0.913,17.6,0.09999999999999999,0.911,24961.022894382477
9,size_9_NN_11,194,proportional,cuda,0.00025,Adam,582000,0.09999999999999999,1000,107.0,0.965,0.897,18.1,0.09999999999999999,0.893,25093.17774796486
9,size_9_NN_11,195,proportional,cuda,0.00025,Adam,585000,0.09999999999999999,1000,109.0,0.974,0.893,18.0,0.09999999999999999,0.891,25221.827967643738
9,size_9_NN_11,196,proportional,cuda,0.00025,Adam,588000,0.09999999999999999,1000,113.0,0.948,0.891,18.4,0.09999999999999999,0.887,25350.62820482254
9,size_9_NN_11,197,proportional,cuda,0.00025,Adam,591000,0.09999999999999999,1000,109.0,0.934,0.897,18.6,0.09999999999999999,0.891,25480.834808588028
9,size_9_NN_11,198,proportional,cuda,0.00025,Adam,594000,0.09999999999999999,1000,90.0,0.971,0.914,17.7,0.09999999999999999,0.91,25612.356129407883
9,size_9_NN_11,199,proportional,cuda,0.00025,Adam,597000,0.09999999999999999,1000,88.0,0.973,0.917,17.6,0.09999999999999999,0.912,25745.071169137955
9,size_9_NN_11,200,proportional,cuda,0.00025,Adam,600000,0.09999999999999999,1000,117.0,0.931,0.897,18.8,0.09999999999999999,0.883,25876.23856830597
9,size_9_NN_11,201,proportional,cuda,0.00025,Adam,603000,0.09999999999999999,1000,76.0,0.973,0.926,17.4,0.09999999999999999,0.924,26006.20862698555
9,size_9_NN_11,202,proportional,cuda,0.00025,Adam,606000,0.09999999999999999,1000,110.0,0.959,0.893,18.5,0.09999999999999999,0.89,26136.84406685829
9,size_9_NN_11,203,proportional,cuda,0.00025,Adam,609000,0.09999999999999999,1000,119.0,0.945,0.884,18.5,0.09999999999999999,0.881,26267.237107753754
9,size_9_NN_11,204,proportional,cuda,0.00025,Adam,612000,0.09999999999999999,1000,107.0,0.951,0.894,18.3,0.09999999999999999,0.893,26395.921357870102
9,size_9_NN_11,205,proportional,cuda,0.00025,Adam,615000,0.09999999999999999,1000,97.0,0.964,0.904,18.0,0.09999999999999999,0.903,26526.75608062744
9,size_9_NN_11,206,proportional,cuda,0.00025,Adam,618000,0.09999999999999999,1000,136.0,0.928,0.87,19.0,0.09999999999999999,0.864,26655.89432644844
9,size_9_NN_11,207,proportional,cuda,0.00025,Adam,621000,0.09999999999999999,1000,115.0,0.947,0.893,18.5,0.09999999999999999,0.885,26788.463358402252
9,size_9_NN_11,208,proportional,cuda,0.00025,Adam,624000,0.09999999999999999,1000,115.0,0.963,0.887,18.1,0.09999999999999999,0.885,26919.522590875626
9,size_9_NN_11,209,proportional,cuda,0.00025,Adam,627000,0.09999999999999999,1000,95.0,0.963,0.905,17.8,0.09999999999999999,0.905,27050.767067670822
9,size_9_NN_11,210,proportional,cuda,0.00025,Adam,630000,0.09999999999999999,1000,93.0,0.968,0.909,17.8,0.09999999999999999,0.907,27182.740782022476
9,size_9_NN_11,211,proportional,cuda,0.00025,Adam,633000,0.09999999999999999,1000,77.0,0.974,0.926,17.3,0.09999999999999999,0.923,27314.43807864189
9,size_9_NN_11,212,proportional,cuda,0.00025,Adam,636000,0.09999999999999999,1000,94.0,0.962,0.908,17.8,0.09999999999999999,0.906,27443.753375291824
9,size_9_NN_11,213,proportional,cuda,0.00025,Adam,639000,0.09999999999999999,1000,100.0,0.968,0.903,17.7,0.09999999999999999,0.9,27575.27329683304
9,size_9_NN_11,214,proportional,cuda,0.00025,Adam,642000,0.09999999999999999,1000,93.0,0.966,0.909,17.9,0.09999999999999999,0.907,27704.087804555893
9,size_9_NN_11,215,proportional,cuda,0.00025,Adam,645000,0.09999999999999999,1000,98.0,0.958,0.906,17.8,0.09999999999999999,0.902,27833.070572137833
9,size_9_NN_11,216,proportional,cuda,0.00025,Adam,648000,0.09999999999999999,1000,93.0,0.967,0.909,17.8,0.09999999999999999,0.907,27962.789653539658
9,size_9_NN_11,217,proportional,cuda,0.00025,Adam,651000,0.09999999999999999,1000,111.0,0.962,0.891,18.2,0.09999999999999999,0.889,28094.580457925797
9,size_9_NN_11,218,proportional,cuda,0.00025,Adam,654000,0.09999999999999999,1000,97.0,0.951,0.908,18.3,0.09999999999999999,0.903,28227.149652957916
9,size_9_NN_11,219,proportional,cuda,0.00025,Adam,657000,0.09999999999999999,1000,102.0,0.953,0.902,18.0,0.09999999999999999,0.898,28356.373938322067
9,size_9_NN_11,220,proportional,cuda,0.00025,Adam,660000,0.09999999999999999,1000,112.0,0.969,0.893,17.8,0.09999999999999999,0.888,28486.22228193283
9,size_9_NN_11,221,proportional,cuda,0.00025,Adam,663000,0.09999999999999999,1000,103.0,0.967,0.899,17.7,0.09999999999999999,0.897,28616.58925843239
9,size_9_NN_11,222,proportional,cuda,0.00025,Adam,666000,0.09999999999999999,1000,105.0,0.948,0.897,18.4,0.09999999999999999,0.895,28747.214530706406
9,size_9_NN_11,223,proportional,cuda,0.00025,Adam,669000,0.09999999999999999,1000,108.0,0.944,0.899,18.5,0.09999999999999999,0.892,28876.37548518181
9,size_9_NN_11,224,proportional,cuda,0.00025,Adam,672000,0.09999999999999999,1000,92.0,0.969,0.91,17.4,0.09999999999999999,0.908,29008.169440746307
9,size_9_NN_11,225,proportional,cuda,0.00025,Adam,675000,0.09999999999999999,1000,77.0,0.977,0.924,17.6,0.09999999999999999,0.923,29138.176233291626
9,size_9_NN_11,226,proportional,cuda,0.00025,Adam,678000,0.09999999999999999,1000,83.0,0.97,0.919,17.8,0.09999999999999999,0.917,29268.743589401245
9,size_9_NN_11,227,proportional,cuda,0.00025,Adam,681000,0.09999999999999999,1000,98.0,0.96,0.902,18.0,0.09999999999999999,0.902,29400.446662425995
9,size_9_NN_11,228,proportional,cuda,0.00025,Adam,684000,0.09999999999999999,1000,96.0,0.965,0.906,17.8,0.09999999999999999,0.904,29529.549059152603
9,size_9_NN_11,229,proportional,cuda,0.00025,Adam,687000,0.09999999999999999,1000,116.0,0.965,0.89,17.7,0.09999999999999999,0.884,29659.904537200928
9,size_9_NN_11,230,proportional,cuda,0.00025,Adam,690000,0.09999999999999999,1000,99.0,0.971,0.907,17.9,0.09999999999999999,0.901,29792.448338508606
9,size_9_NN_11,231,proportional,cuda,0.00025,Adam,693000,0.09999999999999999,1000,107.0,0.969,0.895,18.0,0.09999999999999999,0.893,29921.817742586136
9,size_9_NN_11,232,proportional,cuda,0.00025,Adam,696000,0.09999999999999999,1000,150.0,0.9,0.857,19.9,0.09999999999999999,0.85,30048.261725902557
9,size_9_NN_11,233,proportional,cuda,0.00025,Adam,699000,0.09999999999999999,1000,104.0,0.936,0.901,18.7,0.09999999999999999,0.896,30179.35095143318
9,size_9_NN_11,234,proportional,cuda,0.00025,Adam,702000,0.09999999999999999,1000,118.0,0.96,0.883,18.2,0.09999999999999999,0.882,30308.672718524933
9,size_9_NN_11,235,proportional,cuda,0.00025,Adam,705000,0.09999999999999999,1000,148.0,0.905,0.861,19.6,0.09999999999999999,0.852,30437.049785137177
9,size_9_NN_11,236,proportional,cuda,0.00025,Adam,708000,0.09999999999999999,1000,94.0,0.961,0.909,17.8,0.09999999999999999,0.906,30567.936301469803
9,size_9_NN_11,237,proportional,cuda,0.00025,Adam,711000,0.09999999999999999,1000,96.0,0.964,0.907,17.7,0.09999999999999999,0.904,30699.54462981224
9,size_9_NN_11,238,proportional,cuda,0.00025,Adam,714000,0.09999999999999999,1000,103.0,0.953,0.902,18.2,0.09999999999999999,0.897,30832.330211162567
9,size_9_NN_11,239,proportional,cuda,0.00025,Adam,717000,0.09999999999999999,1000,115.0,0.955,0.886,18.4,0.09999999999999999,0.885,30962.84790468216
9,size_9_NN_11,240,proportional,cuda,0.00025,Adam,720000,0.09999999999999999,1000,102.0,0.952,0.904,18.2,0.09999999999999999,0.898,31093.181455373764
9,size_9_NN_11,241,proportional,cuda,0.00025,Adam,723000,0.09999999999999999,1000,134.0,0.912,0.875,19.3,0.09999999999999999,0.866,31224.74589729309
9,size_9_NN_11,242,proportional,cuda,0.00025,Adam,726000,0.09999999999999999,1000,98.0,0.967,0.903,17.8,0.09999999999999999,0.902,31356.148621082306
9,size_9_NN_11,243,proportional,cuda,0.00025,Adam,729000,0.09999999999999999,1000,122.0,0.951,0.88,18.4,0.09999999999999999,0.878,31487.837875127792
9,size_9_NN_11,244,proportional,cuda,0.00025,Adam,732000,0.09999999999999999,1000,84.0,0.957,0.927,17.8,0.09999999999999999,0.916,31618.39145064354
9,size_9_NN_11,245,proportional,cuda,0.00025,Adam,735000,0.09999999999999999,1000,97.0,0.964,0.907,17.9,0.09999999999999999,0.903,31747.610414981842
9,size_9_NN_11,246,proportional,cuda,0.00025,Adam,738000,0.09999999999999999,1000,117.0,0.947,0.885,18.4,0.09999999999999999,0.883,31879.533606290817
9,size_9_NN_11,247,proportional,cuda,0.00025,Adam,741000,0.09999999999999999,1000,119.0,0.946,0.887,18.4,0.09999999999999999,0.881,32010.089133262634
9,size_9_NN_11,248,proportional,cuda,0.00025,Adam,744000,0.09999999999999999,1000,81.0,0.977,0.924,17.3,0.09999999999999999,0.919,32140.733578443527
9,size_9_NN_11,249,proportional,cuda,0.00025,Adam,747000,0.09999999999999999,1000,146.0,0.91,0.858,19.8,0.09999999999999999,0.854,32271.638021469116
9,size_9_NN_11,250,proportional,cuda,0.00025,Adam,750000,0.09999999999999999,1000,90.0,0.968,0.916,17.7,0.09999999999999999,0.91,32403.74402475357
9,size_9_NN_11,251,proportional,cuda,0.00025,Adam,753000,0.09999999999999999,1000,92.0,0.978,0.911,17.5,0.09999999999999999,0.908,32533.879431962967
9,size_9_NN_11,252,proportional,cuda,0.00025,Adam,756000,0.09999999999999999,1000,118.0,0.943,0.89,18.5,0.09999999999999999,0.882,32665.059880018234
9,size_9_NN_11,253,proportional,cuda,0.00025,Adam,759000,0.09999999999999999,1000,92.0,0.956,0.92,18.0,0.09999999999999999,0.908,32795.743916749954
9,size_9_NN_11,254,proportional,cuda,0.00025,Adam,762000,0.09999999999999999,1000,93.0,0.963,0.908,17.9,0.09999999999999999,0.907,32925.92034482956
9,size_9_NN_11,255,proportional,cuda,0.00025,Adam,765000,0.09999999999999999,1000,89.0,0.974,0.912,17.2,0.09999999999999999,0.911,33057.81876540184
9,size_9_NN_11,256,proportional,cuda,0.00025,Adam,768000,0.09999999999999999,1000,108.0,0.96,0.895,18.0,0.09999999999999999,0.892,33188.71447014809
9,size_9_NN_11,257,proportional,cuda,0.00025,Adam,771000,0.09999999999999999,1000,100.0,0.951,0.902,18.1,0.09999999999999999,0.9,33318.52592539787
9,size_9_NN_11,258,proportional,cuda,0.00025,Adam,774000,0.09999999999999999,1000,92.0,0.966,0.909,17.9,0.09999999999999999,0.908,33449.47480273247
9,size_9_NN_11,259,proportional,cuda,0.00025,Adam,777000,0.09999999999999999,1000,80.0,0.984,0.922,17.2,0.09999999999999999,0.92,33580.62054228783
9,size_9_NN_11,260,proportional,cuda,0.00025,Adam,780000,0.09999999999999999,1000,96.0,0.957,0.908,17.9,0.09999999999999999,0.904,33710.717569589615
9,size_9_NN_11,261,proportional,cuda,0.00025,Adam,783000,0.09999999999999999,1000,111.0,0.952,0.896,18.6,0.09999999999999999,0.889,33840.27838039398
9,size_9_NN_11,262,proportional,cuda,0.00025,Adam,786000,0.09999999999999999,1000,115.0,0.925,0.891,19.0,0.09999999999999999,0.885,33970.42273855209
9,size_9_NN_11,263,proportional,cuda,0.00025,Adam,789000,0.09999999999999999,1000,106.0,0.945,0.896,18.4,0.09999999999999999,0.894,34100.76455974579
9,size_9_NN_11,264,proportional,cuda,0.00025,Adam,792000,0.09999999999999999,1000,90.0,0.965,0.915,18.0,0.09999999999999999,0.91,34229.3527264595
9,size_9_NN_11,265,proportional,cuda,0.00025,Adam,795000,0.09999999999999999,1000,95.0,0.972,0.908,17.8,0.09999999999999999,0.905,34359.64091253281
9,size_9_NN_11,266,proportional,cuda,0.00025,Adam,798000,0.09999999999999999,1000,105.0,0.956,0.901,18.3,0.09999999999999999,0.895,34487.67925143242
9,size_9_NN_11,267,proportional,cuda,0.00025,Adam,801000,0.09999999999999999,1000,86.0,0.974,0.916,17.4,0.09999999999999999,0.914,34619.54792404175
9,size_9_NN_11,268,proportional,cuda,0.00025,Adam,804000,0.09999999999999999,1000,122.0,0.949,0.884,18.6,0.09999999999999999,0.878,34749.7801194191
9,size_9_NN_11,269,proportional,cuda,0.00025,Adam,807000,0.09999999999999999,1000,95.0,0.972,0.908,17.8,0.09999999999999999,0.905,34880.0659661293
9,size_9_NN_11,270,proportional,cuda,0.00025,Adam,810000,0.09999999999999999,1000,85.0,0.972,0.916,17.7,0.09999999999999999,0.915,35009.74894738197
9,size_9_NN_11,271,proportional,cuda,0.00025,Adam,813000,0.09999999999999999,1000,89.0,0.964,0.913,17.7,0.09999999999999999,0.911,35140.69896817207
9,size_9_NN_11,272,proportional,cuda,0.00025,Adam,816000,0.09999999999999999,1000,94.0,0.958,0.911,18.1,0.09999999999999999,0.906,35272.43509054184
9,size_9_NN_11,273,proportional,cuda,0.00025,Adam,819000,0.09999999999999999,1000,96.0,0.97,0.906,17.5,0.09999999999999999,0.904,35400.75239276886
9,size_9_NN_11,274,proportional,cuda,0.00025,Adam,822000,0.09999999999999999,1000,92.0,0.973,0.91,17.4,0.09999999999999999,0.908,35530.89926624298
9,size_9_NN_11,275,proportional,cuda,0.00025,Adam,825000,0.09999999999999999,1000,116.0,0.938,0.889,18.5,0.09999999999999999,0.884,35661.596118450165
9,size_9_NN_11,276,proportional,cuda,0.00025,Adam,828000,0.09999999999999999,1000,103.0,0.956,0.899,18.2,0.09999999999999999,0.897,35790.76415157318
9,size_9_NN_11,277,proportional,cuda,0.00025,Adam,831000,0.09999999999999999,1000,116.0,0.951,0.886,18.6,0.09999999999999999,0.884,35922.060094833374
9,size_9_NN_11,278,proportional,cuda,0.00025,Adam,834000,0.09999999999999999,1000,93.0,0.969,0.908,17.9,0.09999999999999999,0.907,36050.69921708107
9,size_9_NN_11,279,proportional,cuda,0.00025,Adam,837000,0.09999999999999999,1000,81.0,0.97,0.922,17.7,0.09999999999999999,0.919,36177.790541648865
9,size_9_NN_11,280,proportional,cuda,0.00025,Adam,840000,0.09999999999999999,1000,92.0,0.982,0.909,17.4,0.09999999999999999,0.908,36309.03991007805
9,size_9_NN_11,281,proportional,cuda,0.00025,Adam,843000,0.09999999999999999,1000,82.0,0.968,0.919,17.7,0.09999999999999999,0.918,36439.24158024788
9,size_9_NN_11,282,proportional,cuda,0.00025,Adam,846000,0.09999999999999999,1000,108.0,0.964,0.895,18.2,0.09999999999999999,0.892,36569.43749690056
9,size_9_NN_11,283,proportional,cuda,0.00025,Adam,849000,0.09999999999999999,1000,94.0,0.958,0.91,18.0,0.09999999999999999,0.906,36702.12253189087
9,size_9_NN_11,284,proportional,cuda,0.00025,Adam,852000,0.09999999999999999,1000,123.0,0.926,0.883,18.9,0.09999999999999999,0.877,36833.00770711899
9,size_9_NN_11,285,proportional,cuda,0.00025,Adam,855000,0.09999999999999999,1000,87.0,0.966,0.917,17.6,0.09999999999999999,0.913,36963.95886230469
9,size_9_NN_11,286,proportional,cuda,0.00025,Adam,858000,0.09999999999999999,1000,120.0,0.936,0.89,19.0,0.09999999999999999,0.88,37094.47886633873
9,size_9_NN_11,287,proportional,cuda,0.00025,Adam,861000,0.09999999999999999,1000,83.0,0.968,0.919,17.7,0.09999999999999999,0.917,37221.51083755493
9,size_9_NN_11,288,proportional,cuda,0.00025,Adam,864000,0.09999999999999999,1000,93.0,0.97,0.91,17.6,0.09999999999999999,0.907,37352.48811292648
9,size_9_NN_11,289,proportional,cuda,0.00025,Adam,867000,0.09999999999999999,1000,80.0,0.969,0.926,17.3,0.09999999999999999,0.92,37480.95898318291
9,size_9_NN_11,290,proportional,cuda,0.00025,Adam,870000,0.09999999999999999,1000,111.0,0.969,0.896,17.9,0.09999999999999999,0.889,37611.93182373047
9,size_9_NN_11,291,proportional,cuda,0.00025,Adam,873000,0.09999999999999999,1000,97.0,0.972,0.905,17.7,0.09999999999999999,0.903,37741.61342096329
9,size_9_NN_11,292,proportional,cuda,0.00025,Adam,876000,0.09999999999999999,1000,92.0,0.97,0.908,17.5,0.09999999999999999,0.908,37869.67450070381
9,size_9_NN_11,293,proportional,cuda,0.00025,Adam,879000,0.09999999999999999,1000,92.0,0.959,0.91,18.0,0.09999999999999999,0.908,37999.87494468689
9,size_9_NN_11,294,proportional,cuda,0.00025,Adam,882000,0.09999999999999999,1000,100.0,0.967,0.906,17.7,0.09999999999999999,0.9,38129.15790104866
9,size_9_NN_11,295,proportional,cuda,0.00025,Adam,885000,0.09999999999999999,1000,87.0,0.97,0.917,17.7,0.09999999999999999,0.913,38260.36290931702
9,size_9_NN_11,296,proportional,cuda,0.00025,Adam,888000,0.09999999999999999,1000,124.0,0.942,0.878,18.7,0.09999999999999999,0.876,38391.778099775314
9,size_9_NN_11,297,proportional,cuda,0.00025,Adam,891000,0.09999999999999999,1000,97.0,0.955,0.905,18.0,0.09999999999999999,0.903,38522.81949663162
9,size_9_NN_11,298,proportional,cuda,0.00025,Adam,894000,0.09999999999999999,1000,89.0,0.958,0.915,17.9,0.09999999999999999,0.911,38653.80233883858
9,size_9_NN_11,299,proportional,cuda,0.00025,Adam,897000,0.09999999999999999,1000,107.0,0.956,0.896,17.8,0.09999999999999999,0.893,38786.049077510834
9,size_9_NN_11,300,proportional,cuda,0.00025,Adam,900000,0.09999999999999999,1000,104.0,0.944,0.9,18.6,0.09999999999999999,0.896,38914.02999711037
9,size_9_NN_11,301,proportional,cuda,0.00025,Adam,903000,0.09999999999999999,1000,97.0,0.971,0.904,17.5,0.09999999999999999,0.903,39045.444063425064
9,size_9_NN_11,302,proportional,cuda,0.00025,Adam,906000,0.09999999999999999,1000,92.0,0.961,0.912,17.9,0.09999999999999999,0.908,39176.43364715576
9,size_9_NN_11,303,proportional,cuda,0.00025,Adam,909000,0.09999999999999999,1000,103.0,0.974,0.901,17.7,0.09999999999999999,0.897,39308.23556113243
9,size_9_NN_11,304,proportional,cuda,0.00025,Adam,912000,0.09999999999999999,1000,96.0,0.968,0.906,18.0,0.09999999999999999,0.904,39439.052974939346
9,size_9_NN_11,305,proportional,cuda,0.00025,Adam,915000,0.09999999999999999,1000,79.0,0.982,0.924,17.0,0.09999999999999999,0.921,39568.52557992935
9,size_9_NN_11,306,proportional,cuda,0.00025,Adam,918000,0.09999999999999999,1000,102.0,0.97,0.899,17.7,0.09999999999999999,0.898,39700.0728828907
9,size_9_NN_11,307,proportional,cuda,0.00025,Adam,921000,0.09999999999999999,1000,112.0,0.948,0.896,18.4,0.09999999999999999,0.888,39831.19327020645
9,size_9_NN_11,308,proportional,cuda,0.00025,Adam,924000,0.09999999999999999,1000,96.0,0.963,0.908,17.7,0.09999999999999999,0.904,39963.614115953445
9,size_9_NN_11,309,proportional,cuda,0.00025,Adam,927000,0.09999999999999999,1000,98.0,0.954,0.908,18.1,0.09999999999999999,0.902,40092.7952644825
9,size_9_NN_11,310,proportional,cuda,0.00025,Adam,930000,0.09999999999999999,1000,113.0,0.959,0.891,18.3,0.09999999999999999,0.887,40221.76208972931
9,size_9_NN_11,311,proportional,cuda,0.00025,Adam,933000,0.09999999999999999,1000,121.0,0.957,0.882,18.3,0.09999999999999999,0.879,40352.92177391052
9,size_9_NN_11,312,proportional,cuda,0.00025,Adam,936000,0.09999999999999999,1000,100.0,0.973,0.905,17.7,0.09999999999999999,0.9,40483.407804489136
9,size_9_NN_11,313,proportional,cuda,0.00025,Adam,939000,0.09999999999999999,1000,94.0,0.955,0.908,17.9,0.09999999999999999,0.906,40613.52050495148
9,size_9_NN_11,314,proportional,cuda,0.00025,Adam,942000,0.09999999999999999,1000,119.0,0.948,0.883,18.4,0.09999999999999999,0.881,40743.457275390625
9,size_9_NN_11,315,proportional,cuda,0.00025,Adam,945000,0.09999999999999999,1000,97.0,0.957,0.909,18.5,0.09999999999999999,0.903,40872.71404719353
9,size_9_NN_11,316,proportional,cuda,0.00025,Adam,948000,0.09999999999999999,1000,122.0,0.944,0.888,18.6,0.09999999999999999,0.878,41004.889647483826
9,size_9_NN_11,317,proportional,cuda,0.00025,Adam,951000,0.09999999999999999,1000,104.0,0.947,0.899,18.1,0.09999999999999999,0.896,41132.92690038681
9,size_9_NN_11,318,proportional,cuda,0.00025,Adam,954000,0.09999999999999999,1000,81.0,0.968,0.92,17.6,0.09999999999999999,0.919,41261.88585805893
9,size_9_NN_11,319,proportional,cuda,0.00025,Adam,957000,0.09999999999999999,1000,90.0,0.969,0.911,17.5,0.09999999999999999,0.91,41394.56066560745
9,size_9_NN_11,320,proportional,cuda,0.00025,Adam,960000,0.09999999999999999,1000,94.0,0.964,0.909,17.7,0.09999999999999999,0.906,41523.89556264877
9,size_9_NN_11,321,proportional,cuda,0.00025,Adam,963000,0.09999999999999999,1000,101.0,0.947,0.902,18.5,0.09999999999999999,0.899,41651.5975356102
9,size_9_NN_11,322,proportional,cuda,0.00025,Adam,966000,0.09999999999999999,1000,109.0,0.952,0.896,18.3,0.09999999999999999,0.891,41779.45374941826
9,size_9_NN_11,323,proportional,cuda,0.00025,Adam,969000,0.09999999999999999,1000,101.0,0.975,0.899,17.6,0.09999999999999999,0.899,41907.999467134476
9,size_9_NN_11,324,proportional,cuda,0.00025,Adam,972000,0.09999999999999999,1000,78.0,0.968,0.925,17.7,0.09999999999999999,0.922,42039.29692149162
9,size_9_NN_11,325,proportional,cuda,0.00025,Adam,975000,0.09999999999999999,1000,105.0,0.959,0.896,17.8,0.09999999999999999,0.895,42166.73911523819
9,size_9_NN_11,326,proportional,cuda,0.00025,Adam,978000,0.09999999999999999,1000,107.0,0.939,0.905,18.8,0.09999999999999999,0.893,42295.67120599747
9,size_9_NN_11,327,proportional,cuda,0.00025,Adam,981000,0.09999999999999999,1000,99.0,0.957,0.903,18.0,0.09999999999999999,0.901,42426.56441235542
9,size_9_NN_11,328,proportional,cuda,0.00025,Adam,984000,0.09999999999999999,1000,106.0,0.954,0.899,18.3,0.09999999999999999,0.894,42557.595912218094
9,size_9_NN_11,329,proportional,cuda,0.00025,Adam,987000,0.09999999999999999,1000,87.0,0.952,0.915,18.2,0.09999999999999999,0.913,42688.0847826004
9,size_9_NN_11,330,proportional,cuda,0.00025,Adam,990000,0.09999999999999999,1000,110.0,0.95,0.891,18.3,0.09999999999999999,0.89,42818.08124613762
9,size_9_NN_11,331,proportional,cuda,0.00025,Adam,993000,0.09999999999999999,1000,103.0,0.958,0.906,18.1,0.09999999999999999,0.897,42948.414407491684
9,size_9_NN_11,332,proportional,cuda,0.00025,Adam,996000,0.09999999999999999,1000,95.0,0.958,0.906,17.7,0.09999999999999999,0.905,43079.81564497948
9,size_9_NN_11,333,proportional,cuda,0.00025,Adam,999000,0.09999999999999999,1000,116.0,0.927,0.889,18.8,0.09999999999999999,0.884,43212.07526230812
9,size_9_NN_11,334,proportional,cuda,0.00025,Adam,1002000,0.09999999999999999,1000,93.0,0.97,0.911,17.5,0.09999999999999999,0.907,43341.99773621559
9,size_9_NN_11,335,proportional,cuda,0.00025,Adam,1005000,0.09999999999999999,1000,114.0,0.949,0.886,18.4,0.09999999999999999,0.886,43470.93507003784
9,size_9_NN_11,336,proportional,cuda,0.00025,Adam,1008000,0.09999999999999999,1000,109.0,0.956,0.893,18.4,0.09999999999999999,0.891,43600.701961517334
9,size_9_NN_11,337,proportional,cuda,0.00025,Adam,1011000,0.09999999999999999,1000,124.0,0.942,0.88,18.6,0.09999999999999999,0.876,43729.15882444382
9,size_9_NN_11,338,proportional,cuda,0.00025,Adam,1014000,0.09999999999999999,1000,117.0,0.943,0.885,18.6,0.09999999999999999,0.883,43858.35020637512
9,size_9_NN_11,339,proportional,cuda,0.00025,Adam,1017000,0.09999999999999999,1000,116.0,0.948,0.891,18.5,0.09999999999999999,0.884,43989.60658836365
9,size_9_NN_11,340,proportional,cuda,0.00025,Adam,1020000,0.09999999999999999,1000,96.0,0.961,0.908,17.9,0.09999999999999999,0.904,44118.80024075508
9,size_9_NN_11,341,proportional,cuda,0.00025,Adam,1023000,0.09999999999999999,1000,97.0,0.974,0.904,17.7,0.09999999999999999,0.903,44251.39564728737
9,size_9_NN_11,342,proportional,cuda,0.00025,Adam,1026000,0.09999999999999999,1000,106.0,0.936,0.902,18.6,0.09999999999999999,0.894,44381.211240291595
9,size_9_NN_11,343,proportional,cuda,0.00025,Adam,1029000,0.09999999999999999,1000,135.0,0.908,0.874,19.7,0.09999999999999999,0.865,44511.11099267006
9,size_9_NN_11,344,proportional,cuda,0.00025,Adam,1032000,0.09999999999999999,1000,101.0,0.955,0.902,17.9,0.09999999999999999,0.899,44642.58461165428
9,size_9_NN_11,345,proportional,cuda,0.00025,Adam,1035000,0.09999999999999999,1000,94.0,0.96,0.91,18.0,0.09999999999999999,0.906,44773.60754132271
9,size_9_NN_11,346,proportional,cuda,0.00025,Adam,1038000,0.09999999999999999,1000,106.0,0.964,0.897,18.1,0.09999999999999999,0.894,44905.75698184967
9,size_9_NN_11,347,proportional,cuda,0.00025,Adam,1041000,0.09999999999999999,1000,89.0,0.971,0.912,17.6,0.09999999999999999,0.911,45037.92277812958
9,size_9_NN_11,348,proportional,cuda,0.00025,Adam,1044000,0.09999999999999999,1000,96.0,0.96,0.909,17.9,0.09999999999999999,0.904,45167.82890701294
9,size_9_NN_11,349,proportional,cuda,0.00025,Adam,1047000,0.09999999999999999,1000,91.0,0.954,0.913,18.1,0.09999999999999999,0.909,45298.578130722046
9,size_9_NN_11,350,proportional,cuda,0.00025,Adam,1050000,0.09999999999999999,1000,99.0,0.959,0.904,18.0,0.09999999999999999,0.901,45429.3877325058
9,size_9_NN_11,351,proportional,cuda,0.00025,Adam,1053000,0.09999999999999999,1000,78.0,0.981,0.924,17.3,0.09999999999999999,0.922,45560.26519680023
9,size_9_NN_11,352,proportional,cuda,0.00025,Adam,1056000,0.09999999999999999,1000,95.0,0.958,0.91,18.0,0.09999999999999999,0.905,45690.92065024376
9,size_9_NN_11,353,proportional,cuda,0.00025,Adam,1059000,0.09999999999999999,1000,84.0,0.975,0.92,17.2,0.09999999999999999,0.916,45819.95960402489
9,size_9_NN_11,354,proportional,cuda,0.00025,Adam,1062000,0.09999999999999999,1000,95.0,0.966,0.908,17.8,0.09999999999999999,0.905,45947.603337049484
9,size_9_NN_11,355,proportional,cuda,0.00025,Adam,1065000,0.09999999999999999,1000,90.0,0.971,0.912,17.5,0.09999999999999999,0.91,46078.58777761459
9,size_9_NN_11,356,proportional,cuda,0.00025,Adam,1068000,0.09999999999999999,1000,85.0,0.97,0.92,17.7,0.09999999999999999,0.915,46206.31953597069
9,size_9_NN_11,357,proportional,cuda,0.00025,Adam,1071000,0.09999999999999999,1000,112.0,0.95,0.893,18.2,0.09999999999999999,0.888,46336.07239317894
9,size_9_NN_11,358,proportional,cuda,0.00025,Adam,1074000,0.09999999999999999,1000,94.0,0.981,0.907,17.7,0.09999999999999999,0.906,46468.998910188675
9,size_9_NN_11,359,proportional,cuda,0.00025,Adam,1077000,0.09999999999999999,1000,101.0,0.961,0.903,17.7,0.09999999999999999,0.899,46598.58250427246
9,size_9_NN_11,360,proportional,cuda,0.00025,Adam,1080000,0.09999999999999999,1000,79.0,0.966,0.921,17.9,0.09999999999999999,0.921,46728.232612371445
9,size_9_NN_11,361,proportional,cuda,0.00025,Adam,1083000,0.09999999999999999,1000,102.0,0.953,0.901,18.2,0.09999999999999999,0.898,46858.78829717636
9,size_9_NN_11,362,proportional,cuda,0.00025,Adam,1086000,0.09999999999999999,1000,101.0,0.954,0.903,18.1,0.09999999999999999,0.899,46988.06586265564
9,size_9_NN_11,363,proportional,cuda,0.00025,Adam,1089000,0.09999999999999999,1000,94.0,0.972,0.907,17.7,0.09999999999999999,0.906,47121.30042171478
9,size_9_NN_11,364,proportional,cuda,0.00025,Adam,1092000,0.09999999999999999,1000,94.0,0.974,0.909,17.6,0.09999999999999999,0.906,47252.36720752716
9,size_9_NN_11,365,proportional,cuda,0.00025,Adam,1095000,0.09999999999999999,1000,110.0,0.964,0.892,18.0,0.09999999999999999,0.89,47383.67184495926
9,size_9_NN_11,366,proportional,cuda,0.00025,Adam,1098000,0.09999999999999999,1000,99.0,0.971,0.902,17.6,0.09999999999999999,0.901,47514.88606119156
9,size_9_NN_11,367,proportional,cuda,0.00025,Adam,1101000,0.09999999999999999,1000,93.0,0.962,0.908,17.8,0.09999999999999999,0.907,47643.78964948654
9,size_9_NN_11,368,proportional,cuda,0.00025,Adam,1104000,0.09999999999999999,1000,120.0,0.94,0.887,18.8,0.09999999999999999,0.88,47775.73994779587
9,size_9_NN_11,369,proportional,cuda,0.00025,Adam,1107000,0.09999999999999999,1000,105.0,0.96,0.9,18.3,0.09999999999999999,0.895,47908.18222951889
9,size_9_NN_11,370,proportional,cuda,0.00025,Adam,1110000,0.09999999999999999,1000,105.0,0.945,0.9,18.3,0.09999999999999999,0.895,48038.2277610302
9,size_9_NN_11,371,proportional,cuda,0.00025,Adam,1113000,0.09999999999999999,1000,95.0,0.958,0.91,18.0,0.09999999999999999,0.905,48167.35258126259
9,size_9_NN_11,372,proportional,cuda,0.00025,Adam,1116000,0.09999999999999999,1000,97.0,0.966,0.91,18.0,0.09999999999999999,0.903,48295.974013090134
9,size_9_NN_11,373,proportional,cuda,0.00025,Adam,1119000,0.09999999999999999,1000,88.0,0.958,0.916,17.9,0.09999999999999999,0.912,48425.57259058952
9,size_9_NN_11,374,proportional,cuda,0.00025,Adam,1122000,0.09999999999999999,1000,114.0,0.941,0.889,18.8,0.09999999999999999,0.886,48553.0519592762
9,size_9_NN_11,375,proportional,cuda,0.00025,Adam,1125000,0.09999999999999999,1000,94.0,0.968,0.909,17.9,0.09999999999999999,0.906,48683.07610702515
9,size_9_NN_11,376,proportional,cuda,0.00025,Adam,1128000,0.09999999999999999,1000,98.0,0.975,0.903,17.8,0.09999999999999999,0.902,48811.39201903343
9,size_9_NN_11,377,proportional,cuda,0.00025,Adam,1131000,0.09999999999999999,1000,76.0,0.982,0.926,16.9,0.09999999999999999,0.924,48942.5700109005
9,size_9_NN_11,378,proportional,cuda,0.00025,Adam,1134000,0.09999999999999999,1000,93.0,0.963,0.908,18.2,0.09999999999999999,0.907,49072.308151483536
