# system_size, network_name, epoch, replay_memory, device, learning_rate, optimizer, total_training_steps, prediction_list_p_error, number_of_predictions, number_of_failed_syndroms, error_corrected_list, ground_state_list, average_number_of_steps_list, p_error_train, win_rate, training_time
0.0,0.0,0.0,0.0,0.0,0.0,0.0,0.0,0.0,0.0,0.0,0.0,0.0,0.0,0.0,0.0,0.0
11,size_11_ResNet34,1,proportional,cuda,0.00025,Adam,3000,0.01,1000,0.0,1.0,1.0,2.4,0.01,1.0,1379.9957897663116
11,size_11_ResNet34,2,proportional,cuda,0.00025,Adam,6000,0.02,1000,1.0,0.999,1.0,5.1,0.02,0.999,2782.730579137802
11,size_11_ResNet34,3,proportional,cuda,0.00025,Adam,9000,0.03,1000,14.0,0.986,0.988,8.1,0.03,0.986,3903.0793919563293
11,size_11_ResNet34,4,proportional,cuda,0.00025,Adam,12000,0.04,1000,78.0,0.922,0.9390000000000001,13.0,0.04,0.922,5059.794240474701
11,size_11_ResNet34,5,proportional,cuda,0.00025,Adam,15000,0.04,1000,227.0,0.773,0.791,18.9,0.04,0.773,6147.964063405991
11,size_11_ResNet34,6,proportional,cuda,0.00025,Adam,18000,0.04,1000,17.0,0.983,0.985,10.6,0.04,0.983,7288.281320333481
11,size_11_ResNet34,7,proportional,cuda,0.00025,Adam,21000,0.05,1000,321.0,0.68,0.6970000000000001,24.6,0.05,0.679,8398.153745651245
11,size_11_ResNet34,8,proportional,cuda,0.00025,Adam,24000,0.05,1000,72.0,0.928,0.9339999999999999,15.3,0.05,0.928,9527.718559980392
11,size_11_ResNet34,9,proportional,cuda,0.00025,Adam,27000,0.05,1000,200.0,0.801,0.8180000000000001,19.6,0.05,0.8,10587.869139909744
11,size_11_ResNet34,10,proportional,cuda,0.00025,Adam,30000,0.05,1000,31.0,0.971,0.971,13.7,0.05,0.969,11681.678132772446
11,size_11_ResNet34,11,proportional,cuda,0.00025,Adam,33000,0.060000000000000005,1000,87.0,0.914,0.927,18.2,0.060000000000000005,0.913,12729.385132551193
11,size_11_ResNet34,12,proportional,cuda,0.00025,Adam,36000,0.060000000000000005,1000,131.0,0.87,0.885,19.3,0.060000000000000005,0.869,13786.011352777481
11,size_11_ResNet34,13,proportional,cuda,0.00025,Adam,39000,0.060000000000000005,1000,47.0,0.955,0.958,16.6,0.060000000000000005,0.953,14883.357781171799
11,size_11_ResNet34,14,proportional,cuda,0.00025,Adam,42000,0.07,1000,127.0,0.88,0.881,21.6,0.07,0.873,15898.482233285904
11,size_11_ResNet34,15,proportional,cuda,0.00025,Adam,45000,0.07,1000,217.0,0.784,0.802,24.6,0.07,0.783,16942.71640896797
11,size_11_ResNet34,16,proportional,cuda,0.00025,Adam,48000,0.07,1000,146.0,0.856,0.867,22.1,0.07,0.854,17991.536941051483
11,size_11_ResNet34,17,proportional,cuda,0.00025,Adam,51000,0.07,1000,211.0,0.791,0.802,24.0,0.07,0.789,19034.705532073975
11,size_11_ResNet34,18,proportional,cuda,0.00025,Adam,54000,0.07,1000,224.0,0.778,0.789,24.6,0.07,0.776,20059.516888856888
11,size_11_ResNet34,19,proportional,cuda,0.00025,Adam,57000,0.07,1000,164.0,0.846,0.846,23.2,0.07,0.836,21102.849106550217
11,size_11_ResNet34,20,proportional,cuda,0.00025,Adam,60000,0.07,1000,128.0,0.873,0.888,21.6,0.07,0.872,22166.322335720062
11,size_11_ResNet34,21,proportional,cuda,0.00025,Adam,63000,0.07,1000,170.0,0.834,0.845,22.7,0.07,0.83,23206.544682264328
11,size_11_ResNet34,22,proportional,cuda,0.00025,Adam,66000,0.07,1000,188.0,0.815,0.823,23.4,0.07,0.812,24230.003308057785
11,size_11_ResNet34,23,proportional,cuda,0.00025,Adam,69000,0.07,1000,607.0,0.396,0.44899999999999995,37.2,0.07,0.393,25271.696231365204
11,size_11_ResNet34,24,proportional,cuda,0.00025,Adam,72000,0.07,1000,155.0,0.851,0.852,22.1,0.07,0.845,26344.43528819084
11,size_11_ResNet34,25,proportional,cuda,0.00025,Adam,75000,0.07,1000,112.0,0.889,0.899,21.1,0.07,0.888,27390.136034727097
11,size_11_ResNet34,26,proportional,cuda,0.00025,Adam,78000,0.07,1000,99.0,0.906,0.909,20.7,0.07,0.901,28432.709850549698
11,size_11_ResNet34,27,proportional,cuda,0.00025,Adam,81000,0.07,1000,256.0,0.749,0.774,25.5,0.07,0.744,29465.980133533478
11,size_11_ResNet34,28,proportional,cuda,0.00025,Adam,84000,0.07,1000,130.0,0.875,0.886,21.9,0.07,0.87,30498.917632102966
11,size_11_ResNet34,29,proportional,cuda,0.00025,Adam,87000,0.07,1000,460.0,0.543,0.581,32.5,0.07,0.54,31550.797438383102
11,size_11_ResNet34,30,proportional,cuda,0.00025,Adam,90000,0.07,1000,212.0,0.793,0.806,24.4,0.07,0.788,32618.35819220543
11,size_11_ResNet34,31,proportional,cuda,0.00025,Adam,93000,0.07,1000,275.0,0.728,0.74,26.3,0.07,0.725,33596.12394785881
11,size_11_ResNet34,32,proportional,cuda,0.00025,Adam,96000,0.07,1000,125.0,0.882,0.882,21.5,0.07,0.875,34638.344517469406
11,size_11_ResNet34,33,proportional,cuda,0.00025,Adam,99000,0.07,1000,741.0,0.259,0.31899999999999995,42.2,0.07,0.259,35672.166840314865
11,size_11_ResNet34,34,proportional,cuda,0.00025,Adam,102000,0.07,1000,152.0,0.854,0.866,22.4,0.07,0.848,36671.57612705231
11,size_11_ResNet34,35,proportional,cuda,0.00025,Adam,105000,0.07,1000,205.0,0.8,0.81,24.1,0.07,0.795,37717.531978845596
11,size_11_ResNet34,36,proportional,cuda,0.00025,Adam,108000,0.07,1000,162.0,0.838,0.857,22.8,0.07,0.838,38746.739750385284
11,size_11_ResNet34,37,proportional,cuda,0.00025,Adam,111000,0.07,1000,132.0,0.869,0.896,22.5,0.07,0.868,39792.549528837204
11,size_11_ResNet34,38,proportional,cuda,0.00025,Adam,114000,0.07,1000,131.0,0.871,0.881,21.5,0.07,0.869,40819.71959066391
11,size_11_ResNet34,39,proportional,cuda,0.00025,Adam,117000,0.07,1000,121.0,0.886,0.894,21.1,0.07,0.879,41879.10827469826
11,size_11_ResNet34,40,proportional,cuda,0.00025,Adam,120000,0.07,1000,162.0,0.84,0.86,22.7,0.07,0.838,42898.66222476959
11,size_11_ResNet34,41,proportional,cuda,0.00025,Adam,123000,0.07,1000,148.0,0.855,0.858,22.8,0.07,0.852,43924.94498348236
11,size_11_ResNet34,42,proportional,cuda,0.00025,Adam,126000,0.07,1000,126.0,0.878,0.883,21.5,0.07,0.874,45015.80907201767
11,size_11_ResNet34,43,proportional,cuda,0.00025,Adam,129000,0.07,1000,145.0,0.859,0.863,21.9,0.07,0.855,46062.97727751732
11,size_11_ResNet34,44,proportional,cuda,0.00025,Adam,132000,0.07,1000,188.0,0.815,0.823,23.4,0.07,0.812,47089.776740312576
11,size_11_ResNet34,45,proportional,cuda,0.00025,Adam,135000,0.07,1000,97.0,0.905,0.92,20.7,0.07,0.903,48138.55212831497
11,size_11_ResNet34,46,proportional,cuda,0.00025,Adam,138000,0.07,1000,218.0,0.783,0.813,24.5,0.07,0.782,49153.118816137314
11,size_11_ResNet34,47,proportional,cuda,0.00025,Adam,141000,0.07,1000,164.0,0.841,0.854,22.7,0.07,0.836,50186.93636035919
11,size_11_ResNet34,48,proportional,cuda,0.00025,Adam,144000,0.07,1000,190.0,0.815,0.831,23.6,0.07,0.81,51253.50931763649
11,size_11_ResNet34,49,proportional,cuda,0.00025,Adam,147000,0.07,1000,130.0,0.874,0.882,21.9,0.07,0.87,52281.81911444664
11,size_11_ResNet34,50,proportional,cuda,0.00025,Adam,150000,0.07,1000,107.0,0.895,0.91,20.8,0.07,0.893,53349.90418839455
11,size_11_ResNet34,51,proportional,cuda,0.00025,Adam,153000,0.07,1000,100.0,0.902,0.91,20.9,0.07,0.9,54406.962893247604
11,size_11_ResNet34,52,proportional,cuda,0.00025,Adam,156000,0.07,1000,193.0,0.818,0.8200000000000001,23.4,0.07,0.807,55429.23306465149
11,size_11_ResNet34,53,proportional,cuda,0.00025,Adam,159000,0.07,1000,229.0,0.772,0.791,24.6,0.07,0.771,56449.80898952484
11,size_11_ResNet34,54,proportional,cuda,0.00025,Adam,162000,0.07,1000,94.0,0.907,0.91,20.6,0.07,0.906,57536.88897275925
11,size_11_ResNet34,55,proportional,cuda,0.00025,Adam,165000,0.07,1000,820.0,0.182,0.247,44.6,0.07,0.18,58574.31240582466
11,size_11_ResNet34,56,proportional,cuda,0.00025,Adam,168000,0.07,1000,130.0,0.876,0.881,21.4,0.07,0.87,59621.6873152256
11,size_11_ResNet34,57,proportional,cuda,0.00025,Adam,171000,0.07,1000,98.0,0.907,0.92,20.7,0.07,0.902,60679.28573513031
11,size_11_ResNet34,58,proportional,cuda,0.00025,Adam,174000,0.07,1000,1000.0,0.0,0.06599999999999995,50.0,0.07,0.0,61696.98523783684
